96
968
6925
15759
14933
10357
14828
11256
15269
9317
5566
3162
7832
15707
17861
11990
9255
16235
1363
4342
10123
15108
14667
12460
7889
5352
7358
6855
8424
12072
9646
16125
6994
6011
8875
6712
2566
12237
14349
4894
11432
14956
18074
5431
7
17465
5491
7574
8418
1997
11546
908
2515
5909
9222
4146
11667
8260
7137
16001
3277
9981
2835
3815
10795
17089
3181
14817
870
9661
10162
17303
18182
11506
3019
11079
12945
4849
9503
434
599
16754
11969
17408
17054
14907
12380
11115
18563
18744
15984
15625
17360
13689
4982
9491
17544
1360
5941
164
3397
2078
12170
6710
3763
678
8674
6873
8203
18992
7736
13538
735
2147
11264
7610
18391
3591
8335
5024
13583
15238
587
7998
3813
645
11455
14268
11263
10531
3248
16053
5303
5732
17463
10418
14231
4427
17923
18012
7133
8553
11290
3015
13279
6113
16923
409
326
9623
1522
9841
18686
220
10861
10585
11844
9021
13479
10719
13402
12836
9009
15541
18816
1316
3565
6646
16016
3925
3931
2007
11937
6544
121
13373
10764
13784
15963
14494
13210
5318
4158
2853
18466
11631
5516
1615
8004
14157
17158
15896
7172
3489
10518
899
10803
2319
7280
6531
15055
17804
17068
9571
9601
6019
5179
14206
13518
3750
15005
180
5783
17255
2863
17386
7223
12837
10222
5966
15491
1740
3447
9941
10285
6758
11523
728
5701
13500
2285
10638
9508
8567
12480
16406
15218
1423
9205
12308
6211
16388
17347
15257
6082
13110
2349
17478
11414
11222
9428
13253
260
10186
12726
15327
4076
6772
12820
10039
7733
1621
6106
5147
5644
11057
14445
6598
15216
15355
3545
11381
3587
4998
16764
12763
1863
4567
17610
4044
16537
3312
11793
11078
15876
4066
9382
11947
7670
1008
7634
15783
13065
4991
12967
13122
5953
6346
10677
18808
15155
57
16133
8521
3727
11595
9971
18156
15850
1810
12432
3796
17410
8361
14285
6162
1849
16540
18530
12543
6463
18927
4102
14642
143
2756
8997
17035
16008
16155
4924
8438
15871
2281
12590
3109
9808
12187
14012
9304
18707
2972
6835
8514
6605
6456
17769
5936
18571
5844
5446
6436
1501
4170
9136
1523
16894
2519
10890
295
861
10246
2641
16068
3027
4491
9729
1321
10635
4659
3571
2636
12239
6002
12225
6943
12467
4017
8120
3792
9916
8283
11443
5040
16312
8568
13158
8391
15666
18226
13416
12502
10423
12056
5373
6394
18997
12223
14744
10488
2438
2350
17743
1975
17727
2075
12378
13450
16042
17828
12818
18775
7625
16442
1661
1823
8073
3511
4416
8348
17020
13676
15730
6684
18516
13433
6895
13246
8548
11421
12551
1354
10416
13977
11515
8869
13623
7513
18317
11532
5885
10474
16765
639
12326
2228
729
17507
11278
16638
18011
6774
17394
15317
2965
13207
5328
18101
18613
5207
14192
7427
9909
8035
3592
16933
3263
15860
14306
18829
3407
13417
2690
7892
15810
2678
953
18893
6842
8736
12394
15519
16753
2274
13272
6966
4823
2599
8177
13364
17098
11577
1749
5769
16045
3624
12137
17481
16366
5268
13852
1950
8315
16118
8606
12487
9813
4570
1044
15597
4116
12597
7498
3647
5217
14979
1985
5665
14011
4604
16
17990
16079
12514
10160
9069
11920
17293
14250
12475
11310
5727
9329
16345
18020
462
2710
16522
15573
2101
15200
4515
12004
10317
3324
15287
1585
2004
14177
18384
11033
17568
16801
14839
7720
9701
10478
2219
1490
4381
0
13655
6885
8847
8088
2994
15434
8436
10371
14205
3696
7101
170
10661
9848
7930
10442
1938
13036
2354
4917
13892
13367
8686
19009
3870
3051
18342
14460
3650
3124
3995
1375
15753
5745
9321
18728
12919
15353
2764
3940
6836
11049
18055
13722
1542
5596
13098
8899
11438
442
16616
346
3685
2418
7236
17764
9791
15949
6794
15872
3043
11154
15659
18017
14953
15725
5385
9552
5652
18002
9200
9590
2574
10065
6324
11755
3502
1602
10939
2488
12936
544
17938
16258
1410
12197
15158
14756
16727
8914
264
16439
9780
9467
6184
7819
4769
18413
16422
3316
13875
17541
445
1153
8368
3406
56
6793
6686
17325
7260
8121
7083
11478
9368
11810
11024
12793
7198
1567
10997
18750
4731
2908
17228
6608
17890
13393
5395
6526
12102
15186
9056
5865
8555
1034
17822
9724
18341
13315
2230
9975
3323
1890
9003
4098
16963
3876
9963
2817
15647
12922
12354
1084
1503
13710
457
6048
2457
5116
6223
3760
17632
8540
2410
1468
15003
8979
7479
2342
2999
14105
17858
6104
18100
12813
15636
2224
1078
13508
14703
11702
3128
15951
4124
13885
1913
17426
16800
774
7638
10820
93
3911
16470
13114
8842
10116
16094
10782
6634
18204
14694
9042
15643
16683
6021
18895
9299
11898
16446
15256
5218
17264
8966
7685
4833
18672
5508
9486
7375
13686
10457
2885
17615
17872
17187
534
7753
2563
1936
18914
5795
7661
3729
1844
18730
7405
14610
1758
10108
10434
2264
15348
18472
12854
10730
12805
12383
2048
4277
5678
18716
1301
6159
15907
18059
10003
463
7805
7384
3438
17657
12675
7481
4150
13190
6623
1483
14095
5765
7403
4599
15457
11362
6499
14180
5052
8192
4458
5854
1925
6265
17572
8744
11082
8630
6690
5341
7920
13712
10287
354
16358
17732
1178
13139
16199
2193
6857
6384
35
7546
8388
17706
6342
8850
1852
10248
11136
14713
16180
1673
9764
12117
12808
17976
10333
6521
18337
17525
6896
14557
3638
1286
11582
4448
3585
13192
5818
1629
15901
14903
12673
16635
7045
18244
8026
18420
7284
4312
12515
16528
5843
16948
419
8698
12786
16583
14086
12707
10174
7040
4388
4215
14261
6141
5075
9785
14076
13012
9054
16280
3903
3492
9090
11497
2248
5625
5597
2826
14760
1086
16543
18307
14353
5279
14525
16332
7267
17116
856
2900
16870
2841
1917
6570
5086
18143
1440
18227
488
2724
15801
15938
15263
14338
4522
12846
18925
18223
14948
10304
13815
4802
941
5861
5171
9359
15331
7298
6650
10314
10496
13434
5878
10577
18541
14881
12340
10998
4490
17512
3081
2180
7213
5580
13006
10830
12141
14039
3102
3130
9040
16830
1142
11026
17234
6371
1492
4908
10343
5031
18458
14539
12456
15922
14232
12216
14385
18575
14018
16334
8030
2043
13809
6801
6213
9251
11619
18157
17261
17905
7829
15049
12424
11054
4030
9053
12323
18732
16277
15427
15419
3311
1532
3663
3325
4718
5984
6121
3157
2114
6874
14856
7311
12565
6496
18812
7953
15431
16643
10759
4844
17928
16618
11854
14257
3120
11385
11908
16847
8465
4519
6492
15780
13145
1553
611
8495
1498
16733
15665
5868
16484
6853
15028
6892
14167
742
15338
6150
13924
11371
9079
13078
6509
3606
15301
9241
18290
9476
14488
1258
13205
167
3898
6730
16595
16877
8079
11285
1777
12887
23
12427
15791
2201
2871
3257
4265
9527
6175
4557
8533
13855
18758
6724
18551
7955
494
6569
2935
634
1797
15296
5170
6736
4259
9091
5166
5187
16369
7131
4755
17438
13454
13733
10655
12687
12269
7647
15839
13453
7875
18949
8582
2375
3836
1724
8768
13805
18242
10218
3684
14188
13329
15981
6352
15403
982
10589
8217
15521
3183
13024
4537
12750
10152
2974
5751
14046
12555
3945
2761
5453
14806
1806
14441
12138
8492
8467
2930
18697
2857
13987
1722
8947
219
10686
11251
10901
6567
11193
3346
7239
12947
13980
10670
4880
8359
16521
11118
1420
9760
7230
15093
18308
8491
17206
15990
18355
5623
4409
2182
8643
6682
18843
14571
5890
7584
9887
17213
18792
9285
8042
7608
14699
10497
18293
3465
9119
10528
410
3961
15125
4726
5474
10437
9364
16677
6206
9231
657
8344
4031
15952
11869
2474
13217
9871
8511
4071
10602
701
8087
8739
582
17661
14902
12159
11729
8102
13388
17999
10632
6701
9183
2803
18683
17978
6919
14614
4171
3885
11632
11551
11066
7945
14067
1636
12535
1190
3149
18432
18199
12290
2925
5039
3360
4394
5511
10770
8615
13607
17899
17914
8748
7154
17898
18593
15357
18045
4775
12626
7691
11043
13848
16142
6771
9525
7075
11693
3766
1471
996
17633
1121
316
17013
4112
12591
16499
5054
16819
17554
3914
4149
16441
5057
9772
16328
3772
10931
17612
11220
16426
16496
15578
4452
10483
17912
14048
4681
9110
13569
10586
9174
17533
2802
8902
1399
13491
12779
1966
119
13789
11783
5579
6476
1111
420
9723
14695
16673
8439
12637
14638
15696
13271
3204
17477
4701
2943
10523
16555
17957
4496
12852
3608
16404
2654
1256
3246
6268
4633
10195
12888
15563
11179
17742
5201
196
1916
13932
12648
533
16560
9891
17540
10765
8333
4977
6979
2141
8350
12300
1338
12429
15633
12111
16950
12295
16942
13003
6514
18709
16389
3194
7350
7740
16689
2981
14433
16597
3091
8334
2123
4035
6549
3016
2471
11495
19002
17886
14263
3862
16417
13625
894
3736
9639
9477
4058
8796
5084
12578
16117
8437
959
16904
5322
490
472
5586
13298
6815
12184
12422
9407
5569
13418
1712
2037
9129
13701
14736
6937
16286
18053
18263
18661
16461
4963
5787
17878
5543
5846
6745
3075
17781
11068
9191
10086
12240
11325
787
4321
11918
2365
15516
2275
11212
8227
6296
10324
5300
11292
17584
18111
14787
4007
18764
13149
17212
18800
4854
12482
15098
9385
549
5184
8133
13125
15569
15527
15117
11023
2109
5920
10936
625
8309
18640
2023
468
7114
8775
13059
13281
17308
10419
18437
14595
3231
1229
2117
14560
16285
18565
9940
10350
6487
5715
18019
1645
14624
11489
7628
14400
388
1799
1657
17076
8149
5297
5952
1631
14329
14928
11352
10888
5044
10294
752
5106
15735
18421
10501
6975
14139
9346
14692
10045
17331
8024
11459
15733
8090
1701
3605
2693
7454
13949
4661
5356
18966
10279
757
2191
4561
7331
16120
10932
1882
15247
15394
8253
18386
15529
2019
9710
939
5454
16987
18450
15498
12061
5415
9425
9631
8594
12878
594
5367
2773
4635
4211
12148
18505
11161
2510
11593
13783
18139
5836
13350
4974
17653
18399
7238
2544
6552
9164
3249
18448
2949
8893
11341
797
1772
4861
3452
16374
7879
17813
11652
9930
7559
917
18765
333
15906
18962
10792
15298
11792
13546
7562
1449
16793
13989
2500
13300
13344
14363
11955
6471
1337
14402
17168
16640
2442
18220
11883
17181
17761
15453
7232
5551
8720
8478
2422
18401
13342
1333
6643
3451
15
17200
3099
714
16035
4297
1367
14382
4583
4118
15973
7591
11674
7054
8812
2907
12996
4060
16666
11407
8623
5400
17046
10912
2642
2799
15469
12656
9146
11101
13644
19011
16472
15409
17073
4811
4320
15006
9948
268
3434
14630
1432
8961
14417
16084
12961
9857
17885
1739
72
12484
3649
5776
10535
6261
14921
13674
672
11228
1001
10088
2197
8112
11106
12640
14301
10961
2823
8244
12864
5595
13353
1236
3664
17384
17435
13915
5928
6122
792
18898
5721
17841
6568
400
14365
14143
8587
15252
17472
13619
6829
17643
14322
9028
3978
16855
311
17639
11306
3298
8976
1507
1686
5068
5270
2482
18919
15845
9829
7434
1039
154
17446
14288
9301
1773
6723
16353
15706
4898
6915
26
7066
18509
11124
6063
10192
5518
16702
6200
10405
12007
9902
6181
8602
8758
15680
13004
15768
10530
7301
17940
17847
18091
9704
12620
710
17009
3504
7896
17389
13387
12318
7537
14193
4787
18911
12572
11773
6706
16966
8967
1352
16680
10412
17963
8156
5241
800
4897
4063
7779
14496
676
8851
18547
58
4456
4446
12015
1846
8840
7772
15153
4886
8818
15076
18133
5407
4689
11843
11363
11796
11604
14036
12018
18879
1025
8532
5613
5924
7102
952
103
16720
10613
4285
18475
6497
12382
12066
5443
16813
2394
16837
18128
18618
18899
16647
15065
17691
9322
8422
2269
11569
18382
16349
5973
12505
8281
17766
7687
4551
1087
379
8822
3820
11534
8679
12409
13094
965
15451
2591
7939
7578
13765
244
6875
9579
9694
12082
9947
12612
14565
5284
5538
4020
13323
13772
2249
5630
9820
17309
18702
2213
13643
12917
7530
4221
3827
236
10090
6204
3962
10517
11873
5377
12281
11995
5134
14153
11413
1012
7539
3932
10687
13303
13528
3050
4143
3381
7704
9618
5605
10847
15017
5441
9609
6259
9756
18815
14632
3267
7323
11799
7021
17301
7455
7660
13808
3857
8186
110
18741
890
13232
18410
16838
5420
5246
16213
12616
12735
4711
12023
5771
9080
7974
8384
4097
9343
16313
2648
9803
1278
6016
12418
4596
13242
17981
7917
380
7095
7488
18600
6618
18083
14958
11986
8750
3090
17000
7821
13837
642
17501
3029
2392
15170
6401
391
17664
13617
14579
16815
6600
11828
13045
14346
15681
15553
10647
6808
18595
10245
9697
2070
2530
18322
17161
18405
16939
10850
11502
12603
9013
4390
9716
14644
13412
7312
17571
14739
10866
13535
16262
437
10263
15080
11338
13900
17241
17010
10694
825
2677
15004
15174
12655
12458
8307
10981
7983
5093
10365
4085
5656
16732
16600
10779
9319
13162
8105
12090
16141
3735
6565
3633
8761
16779
330
323
9596
17776
16729
2676
9211
3478
16157
8716
14651
13668
17016
11625
3390
17019
7215
7951
6065
18535
10027
6749
15381
7816
2880
14927
9917
14522
12796
13473
18120
2989
17182
11879
16271
10654
14671
11157
14080
10096
18786
1735
17136
17375
10558
2598
15775
4368
10284
14531
3146
17366
14978
11075
18666
6963
7365
3508
10264
7964
649
529
3534
3131
17596
16552
1830
17335
17794
351
1951
1126
2315
16627
10008
11178
8164
16239
16219
15683
1960
9352
16920
12205
13790
2707
7748
14584
7518
8395
15715
4806
3981
4180
510
18996
8905
16482
12119
2011
5249
8926
13495
8167
9821
1524
4576
13069
2661
13430
14294
16761
4281
17192
671
10470
11905
12462
11472
15856
1318
13867
16869
8718
253
5526
17178
1058
17843
11311
15194
3341
18121
17723
12525
5778
9978
12652
13345
4629
6156
3374
3743
8390
10019
10800
17051
4743
11039
5376
12563
7294
9654
9598
8575
9422
11896
16584
10394
8794
16900
9105
17147
5982
5335
3706
5897
6665
6062
8449
4256
2666
3718
14905
2081
17423
8837
695
4196
3174
17816
1808
15781
13051
626
3808
13321
2301
17678
11168
3373
17343
13517
2995
11778
15879
8301
11863
1113
8696
5995
9165
9555
6956
7406
3032
15030
7402
6314
14287
5502
18381
14685
16034
7845
9993
12362
4347
11187
14129
10207
15300
7731
15184
1684
6076
18269
3797
1556
8518
18340
14122
15663
10163
9826
14096
2603
8787
10834
14740
16093
16207
7992
10699
17926
2781
5970
12359
6739
15236
14354
7904
14267
4794
14057
13589
12241
4308
10946
4287
156
12080
2623
1101
16661
7967
8371
11959
141
6903
19008
299
2897
14677
1589
8539
15822
18838
16436
10190
7177
18939
6316
16972
3476
15376
15323
14212
12098
4702
10132
10370
4226
7018
8176
2253
7798
6470
7374
17516
10631
15887
3704
4333
5641
9447
6029
2789
4948
10721
18861
13549
11928
7182
5374
8018
16393
6041
5882
8942
1145
9412
2062
15205
12043
13926
17449
12150
2568
5933
15441
7413
4511
1007
8228
10995
2103
8456
11731
18481
4132
131
14865
15630
17943
5495
3005
2776
14986
18588
4230
11930
2002
16198
14940
14424
5912
3688
18967
3144
14820
16057
16000
14459
2783
15084
4820
7870
18260
14841
18825
2528
8198
13135
9676
13745
5143
928
6283
17320
4351
10855
2395
14775
17492
7841
2423
17232
14809
12689
7627
1395
6044
3241
3923
15039
10742
42
15021
4200
17112
13048
15936
6757
8158
15412
17688
8904
7262
14640
2954
13468
14175
7257
17262
2153
18282
15702
10140
11191
8236
4699
14845
16791
12654
15473
2157
6129
14981
12744
813
3214
12987
7194
2751
6027
18366
2329
2736
3817
16954
11814
14508
8146
6968
9894
11015
12728
9640
1571
6546
8058
1901
16170
2055
5011
17412
17134
8044
4470
12990
14866
14719
14054
1073
10894
16056
2108
10073
3533
2090
10001
14124
3284
1461
1035
5821
11227
9405
16898
14014
14302
14852
16718
3659
3949
7016
926
6411
10520
18165
14486
17796
14117
4653
16261
18490
1245
5360
8603
7675
11721
3301
5906
3560
13090
760
18250
17260
5256
7275
8010
1472
12162
13939
18617
16211
4632
15481
9538
17284
12478
2124
4830
10842
13152
4935
10244
9195
18855
5693
6202
597
5267
13943
11201
5351
7001
14327
12862
17708
4335
7020
7200
4657
5067
14660
9628
4994
13597
7645
15177
13490
3526
12547
16234
8639
15061
8302
4240
6357
11758
17105
5271
14235
14732
9152
5574
1879
6867
15586
1580
11322
18566
18945
2188
6653
12994
11096
11004
515
11681
14930
2922
10572
3352
17690
11553
13567
6817
7297
17806
7785
16750
3905
16776
10744
9776
18635
6986
474
1991
5828
6105
7567
14254
8115
5132
14798
12401
7980
1787
13106
16878
16836
10960
11985
16619
16995
17493
13762
3967
5146
14792
4969
10125
15361
9249
12127
16260
18151
5292
7583
16295
13121
777
364
1146
15429
1666
2842
12538
6922
14992
7715
17599
838
14477
4159
1291
10601
3292
2718
7802
1328
11642
18168
882
3049
13982
2705
11709
12871
16018
10146
15036
1681
16722
13863
17291
1117
7869
6396
2362
18957
11716
374
545
11845
15993
10974
15386
18629
15484
10874
13248
10030
3843
86
4656
6344
2132
13902
3427
15919
1900
6696
621
15576
9799
8013
7604
10269
5100
9289
9587
11272
4399
3987
5456
10443
11437
2619
17152
8072
834
5658
10117
12179
8935
18624
1660
8318
5015
11138
2549
9414
13029
6244
18021
14239
1219
14527
7900
17101
1549
17235
10823
3784
10965
13286
7430
14876
4918
690
3477
3229
12249
8877
14724
8053
13725
18830
886
11977
5404
15534
8664
1049
16416
3604
16099
1062
15488
18211
2741
18167
12694
7292
4431
897
11517
12713
12939
3114
13565
12050
11332
7318
15149
7497
5830
18801
13661
16532
14443
3098
8269
16179
14150
13018
15128
1922
18446
10737
2887
3852
11761
4765
14771
6092
17141
570
9232
12536
1262
10297
12248
4481
13267
12972
7180
7043
13879
12257
11296
9494
5533
14114
8466
16316
13610
18754
1937
4136
2892
3163
3205
3409
15395
2486
5755
1273
198
7937
11538
1267
1453
18358
6582
13230
574
13404
6071
16194
13177
16494
8988
469
16336
1606
703
14872
12692
13563
9141
1709
3551
6597
12298
8074
10203
11824
15817
5691
13626
17517
16897
9283
8703
772
827
7093
2240
17321
13283
11129
5561
10078
18854
5700
5898
10599
11389
233
10966
783
94
17064
17814
4677
11827
17654
15744
1205
1295
8727
13956
7854
12267
1708
16977
9876
18873
14468
15829
13678
6412
2639
15087
8095
16103
16818
9033
13981
9964
4004
4690
12892
9671
2921
5422
12952
16072
18298
11655
11690
6386
16487
9252
11342
14701
2303
3314
4241
12085
4033
1287
5224
5007
9434
18213
9480
18304
402
9662
10594
17393
13844
15598
7376
16614
13920
693
11942
5094
6448
5035
10400
15738
5222
7155
2582
6430
9868
7522
14912
10144
201
1887
15849
8778
16979
3422
13717
7696
11464
3577
12674
4193
12215
8846
2560
8683
9106
3969
4478
10063
3561
4468
7444
7668
9262
7856
9502
15503
18713
14060
13435
13235
12031
1450
10986
14520
13170
504
227
9977
15223
5320
7976
5208
9444
6361
741
5125
721
9516
18061
17084
16138
15819
5703
1305
3719
18186
9732
2290
11671
18124
18202
1247
2699
16978
11252
15163
16423
3884
11340
4942
6174
6752
8627
5730
3070
12958
733
6280
9550
3661
8642
9398
12199
2516
7907
10872
9239
4757
5153
16059
4748
7828
357
8769
6217
15621
17563
878
16852
9576
13988
4938
18254
14879
15648
15552
7139
9379
9454
13265
9750
5114
13545
10208
1389
4504
10918
2861
18239
4875
1224
7346
12903
7122
2464
16173
6894
9461
9922
2452
2748
5741
8821
1196
9127
9166
15123
18677
15841
7499
8288
15293
14564
3522
12356
2136
606
2490
5186
5478
18781
10551
8275
13827
1980
4406
11628
5129
10701
10949
4081
6426
6952
7767
12021
15271
7553
9633
213
920
7076
947
17279
197
2606
9061
6995
16241
12886
14592
10387
1372
9332
12781
1811
15225
2477
18494
1017
1019
13979
3847
8552
14588
14030
13383
3487
14407
13605
7791
16297
2027
17991
4877
10261
10549
12596
451
14367
8448
7360
14786
9160
9883
17358
18357
1187
3069
11481
6235
17243
6006
17456
2160
7069
17091
7422
150
2815
16704
4473
13511
5804
11491
13724
9743
11387
2159
5462
18634
4601
7459
8589
11567
6250
18976
1648
10703
15978
8263
14174
15910
14466
6133
7486
8825
18519
10355
1607
284
13904
14418
521
13961
283
581
12264
11888
12581
12753
16509
6238
10683
1177
1748
7468
1417
1704
12041
10335
7763
11643
10340
2377
3180
12770
12343
9543
4909
7527
18594
13474
18691
1955
11886
18041
7449
11218
18520
3349
10825
2536
14826
7708
2728
15946
12140
7587
14243
9568
5674
2343
8150
17783
5622
6683
231
17860
5539
6796
12332
3279
557
15943
7161
1768
6083
18987
9866
10715
2056
10397
15495
5685
1065
17597
11399
4784
2412
6782
3391
558
12101
16153
2291
12747
6594
17125
11396
15097
4049
17036
10460
1552
6465
4199
2041
5306
12712
17193
18470
9792
4602
2380
12930
7880
9693
1394
16561
1864
13744
17349
73
18926
11575
5950
17910
14387
3440
9854
3709
11730
11841
4271
18067
5799
5806
4375
15593
4868
10103
11979
18279
4592
9699
11436
6421
7170
15564
17428
11255
7235
3893
18915
4650
50
14617
7710
13887
206
15045
13746
16475
12171
1479
5030
1886
9135
12438
8792
6000
12339
1544
4268
11584
8205
4186
2424
17649
15342
14035
6933
15262
14218
4760
16572
10299
17045
9341
13652
6534
16660
8212
10669
2696
6112
3365
2312
8915
4535
990
18658
5272
10906
13178
7169
10034
15433
1815
46
8500
4341
9449
13679
9279
14532
13308
12283
964
270
5482
17550
2617
11093
1623
12040
7032
8672
552
17711
11713
1845
14762
11236
6376
10930
8945
12727
14815
14475
1429
8420
11970
16166
840
13062
15610
6988
4790
18081
3873
15192
386
18096
17122
13541
11177
17965
6228
7425
12715
6253
8959
16910
17739
11607
10733
9072
4433
4313
4550
17464
37
15132
6446
14379
18486
10047
3414
6355
10640
16698
4720
13918
7768
7342
11694
1171
15312
9832
1193
1098
18327
2963
773
11675
3207
4966
7612
7039
1968
13832
8651
14503
1227
16394
2819
2178
3034
1164
6619
16859
8866
4366
7506
6290
10562
12389
995
9523
18872
3581
1158
7128
3225
285
3781
14616
16014
11760
826
858
10461
17704
12899
11566
17369
84
11772
6325
12833
11397
13357
12392
18644
10879
4405
2660
14070
13801
17946
3544
15754
3783
12632
8690
8240
16523
4595
4227
13823
4930
7722
1235
17640
11153
17252
11301
11637
4663
7107
6431
5684
9402
6307
5239
4359
14791
12910
14542
9396
12830
14113
1115
8220
6312
4682
15800
13086
331
14421
2447
9203
13025
13172
6402
13599
132
10216
17546
18870
842
11140
3498
13743
10798
17618
4441
9997
11742
16907
8295
8666
18496
8386
7065
15616
1377
3985
9217
1156
9093
4247
10157
5463
13197
10388
6809
8983
15113
14411
2952
795
8141
8898
2361
4798
4534
18579
2252
10062
8996
4851
6135
9931
1734
15360
1597
10778
251
17755
16304
3326
16191
14966
118
6323
7337
17864
3539
14304
5633
