7073
12005
10808
10801
11365
14393
9807
478
14637
4862
9005
4080
16500
4422
15660
5794
18564
523
8625
16570
12306
5888
6694
6039
2102
699
14487
18963
11701
9326
5220
16757
6038
18136
4858
18589
2915
13441
7051
5155
12758
2413
1841
3942
16994
4753
15356
7372
4070
7831
16805
13831
6267
7526
1326
3859
16192
16637
13163
14657
18137
2735
18931
6472
2697
18610
18427
14429
17119
194
1457
12576
4139
3343
5372
6904
5582
9427
3786
17041
1110
7547
14929
1462
242
7199
9698
6854
13128
1276
9899
2479
4279
17953
286
8972
211
925
17254
12285
6010
6013
7100
13856
10175
12677
11912
9116
14103
8965
5647
7414
17677
6822
17452
4428
8895
11588
6625
4962
1168
5391
11063
16745
8659
7325
16047
11303
1405
1959
2231
18832
18287
6929
18122
17726
8443
6055
5255
10298
4338
10445
2632
7300
13983
13360
18469
13276
18742
418
16769
14972
13516
12517
14860
12130
7981
15538
2
7132
13694
12943
8537
10844
11825
11398
13277
5283
12684
15650
14394
2782
8699
9599
2645
18529
11614
18772
9882
3970
11007
9045
6049
3930
13401
1967
2220
12270
13520
2266
5315
15514
18068
389
4807
16341
1378
16825
169
14559
16076
2085
12260
269
12971
1060
6460
20
444
1554
297
9448
10066
692
4258
3085
8211
1408
2008
3024
600
955
17626
5521
4509
16498
13803
8477
13557
6237
18628
16890
7244
9081
6838
5568
5169
14769
18031
15970
4822
8171
18311
969
3865
3562
13649
11648
17702
11535
9935
14797
9244
10383
1839
4231
13749
16804
25
18140
17127
15400
15197
16553
3378
15185
5221
9674
13775
13478
2184
17977
6382
10127
18887
5149
16565
15551
5265
8152
502
16629
17180
14735
16321
6992
18265
8297
14734
12167
11512
18433
13250
17780
6275
9431
11344
16516
508
16534
372
11382
11403
3074
16721
16383
10492
6488
13946
11147
3607
15274
17383
9019
1605
8673
10809
14426
8472
16434
17651
7428
8999
18272
10876
16563
18247
3757
16222
7568
17023
17968
16742
915
4658
15934
10656
7921
8233
5637
4926
13997
14615
1574
3154
12030
12516
4069
12896
3509
1045
6161
2597
4697
16338
12725
8155
8860
2175
45
11433
9658
18162
9221
396
13835
2573
11042
12464
6047
14714
6573
17259
14009
12906
13363
14871
13656
12809
6901
412
17757
12719
10925
3629
9688
16687
1174
8735
12486
9163
14307
18390
10102
5802
5210
17485
3052
14317
7255
3819
6512
4294
15333
1614
11105
11833
18680
6439
17165
8144
1624
9264
11554
14757
13705
7061
9471
5892
12256
4776
14456
17420
8460
4425
18798
13102
3394
11654
4419
12923
5310
13972
9084
1283
1795
15556
8523
12774
15651
5334
7341
2189
16017
14997
7158
10498
5299
9681
8929
9159
9100
13322
10909
1198
329
1506
16468
5111
11507
9365
5062
13568
7615
11902
5629
18948
7755
15732
18944
10623
12330
16989
9037
17668
17611
13935
14700
5421
14598
12087
18345
5017
7810
352
1801
18423
16608
8257
1480
11519
17592
18627
12650
6199
2270
16582
2091
10421
11300
9728
6844
17257
17772
12055
1944
4183
8006
7630
13984
522
11943
973
12595
10253
9387
706
18851
10385
11470
1455
1466
13896
4244
1042
10762
1753
10945
3244
14710
13196
3701
8050
9147
16594
14824
4835
9240
7564
17703
7680
10270
16240
5347
9044
12925
7160
11859
9636
4166
13206
152
11591
8681
5948
17823
8981
17519
15475
1237
14169
572
18904
2289
11715
18187
3960
9458
14661
8326
9340
16144
17053
1598
14
11704
5019
4560
12039
6557
17144
2729
4623
13107
6148
2655
1050
87
6309
2328
2878
9754
15505
12157
18087
8166
13751
11283
9734
18867
12465
5072
5281
6074
7493
15742
4837
7523
2150
3135
7737
931
1288
18860
3106
9862
3543
14422
15103
13366
12301
13470
14119
8964
4621
5536
5749
2034
14357
1964
12494
4218
2295
16867
2600
11963
6170
11120
12022
15012
9374
13582
8505
16147
10225
2223
10004
18198
4526
7824
3285
8206
1013
9769
16031
16231
10955
3662
13130
3910
2403
13685
5554
3182
13096
1793
6343
18329
8724
15171
874
13063
15932
1416
14904
13288
3971
6269
17820
14963
13467
13355
8298
16685
11745
10141
10943
15026
13531
10881
16244
5591
18262
1285
17900
18696
4587
8100
10522
8754
5045
4310
4002
15199
10709
18
14583
4169
15090
3566
11951
10142
9158
15595
7501
1446
18449
17078
18161
17574
5889
9435
10017
1725
4825
17924
15888
4660
4141
4968
8481
7593
15497
674
1204
16462
9705
4783
14109
6931
3071
3702
15404
18708
5403
9968
18217
6936
10903
8444
6375
16204
17437
19001
7924
8784
12859
15823
12912
11297
2080
2552
4741
1530
1358
938
6790
9617
3599
9644
18431
13908
805
2420
8385
661
6540
15195
4762
8153
1824
13670
5959
10183
11855
8246
727
3642
8662
13002
16693
5037
3507
7313
7356
979
1915
3879
10548
3677
16115
18778
3227
433
3936
620
956
16413
18330
767
1774
18318
17413
10990
3276
3634
17015
2774
15602
804
17523
7667
18998
12680
912
4074
12653
18787
6220
853
10479
16709
11557
15443
3833
6662
3329
255
2807
17001
5951
430
6536
15085
9796
13319
16275
16252
7049
10657
8238
18115
5053
10084
2503
11919
17198
17614
3327
8272
9188
16981
102
16926
12497
5877
9655
17056
5353
12997
8535
3991
15869
5101
1700
9533
9881
432
3524
1106
14743
8106
14283
18659
15972
14371
16849
9030
18823
9875
8285
11703
2470
7844
8222
9089
4999
3540
10070
14969
13244
2674
15807
6823
7922
2237
5343
2015
12406
381
12208
12583
5642
5162
14430
17895
4168
3994
32
13015
10277
16786
6061
7588
730
647
18261
123
5557
8753
14214
16783
18371
2181
13672
2462
8172
2638
12173
15482
778
101
4291
10676
9291
11776
394
21
2155
116
13876
16968
10893
14340
5907
3437
15322
3814
18241
4538
130
6905
453
10975
6308
9278
10831
6319
11298
4724
10275
16022
344
7067
16455
11467
13335
15351
4047
2288
3013
16149
15418
13968
6556
8512
11521
18077
3826
5336
15111
9995
7859
16781
1744
4987
641
12481
14730
13768
10334
8183
16264
16649
13118
14552
13161
17666
2844
14051
8675
15813
7354
18897
17475
6467
204
3018
9586
4947
17126
12183
763
14245
1525
12309
1600
6126
12247
6501
10330
17616
2241
7982
13126
2250
7777
3877
10012
15976
3496
12636
5427
14664
7641
11244
12233
782
13697
2912
13425
4566
924
6652
922
2800
1447
370
14596
17621
16224
14936
14570
3844
11933
17390
1478
3513
11473
10379
13437
18388
6627
16719
9432
7265
18447
10395
4290
2987
5807
4189
13320
17215
811
13273
13400
5714
8887
387
4089
11233
4251
983
16730
10056
15739
11159
4594
11183
460
5542
18609
475
18170
9257
11900
18289
1059
214
10735
12742
1665
241
18511
8558
3536
12333
985
8932
11932
6030
6775
15933
10569
79
5205
16464
13991
13556
17770
17427
1894
10745
66
4651
18248
15632
10697
3922
8110
17763
7804
12519
16355
4110
5233
17737
7033
6644
10028
14906
14622
12246
4300
9695
11660
10982
12627
10724
4492
8848
13053
8354
10436
8475
3009
8268
3143
9145
13226
1933
16690
12955
8320
9771
3282
11253
13578
8037
9520
3129
8836
15212
12174
18882
16291
17884
3732
7742
9156
7576
9380
2140
7607
3083
6888
4263
11529
13645
11059
13618
1413
14625
17648
3403
1180
10149
15641
13052
9895
15921
17909
9375
5013
5589
8474
4955
2771
336
218
2682
7716
6602
10771
3943
5960
6124
3372
16274
6299
2376
14754
707
988
9683
12403
15377
6262
11997
16959
8731
3542
7695
7258
9358
13596
889
12413
17777
17278
2558
17617
14123
7762
511
3089
5704
6535
18956
8970
7534
4014
6360
14102
7883
7396
18416
4674
3990
16654
7181
8498
1081
16188
16871
5193
4305
7590
7140
11931
2700
16379
10283
14645
13039
18901
2531
5140
16615
7004
8951
8457
18528
14256
3866
13821
12282
327
10684
3320
480
10668
11171
1977
17148
6669
17638
3453
17959
12847
9350
16807
10021
13766
1475
8797
1664
17310
3164
7902
15752
5148
5699
15511
216
115
15018
5261
12195
10242
4586
4764
16725
15462
7795
1678
12693
16343
13601
17339
11563
1228
3845
2612
6257
16536
10189
8242
9224
10940
1108
4683
16293
6741
10212
2920
6320
14098
4508
17179
15430
5540
17502
11848
18166
14223
4352
3518
4584
8892
7435
10541
2891
4327
2089
14890
4667
6958
18938
290
16557
6718
18649
17337
1728
7656
200
11037
10382
9686
5311
1465
6548
9802
15454
694
3206
6078
1828
16905
17092
17746
5290
18747
7596
15549
5488
6735
14276
3119
11197
758
4855
11700
9588
2473
5394
2762
18622
207
12008
15675
16844
5257
8652
9016
1303
3616
5069
880
12200
5213
1464
15063
16549
13140
14964
1022
12661
18834
723
3838
12745
5615
17167
13301
15114
17853
11909
9497
4905
89
2336
2812
1330
15165
13050
12278
3722
1484
3568
6457
6428
4350
11422
5355
6455
6524
7558
14308
8094
2263
11411
6245
16955
3788
7621
5556
10790
935
12533
18637
3692
9130
18567
11219
13769
9806
482
6236
5735
5390
3908
17744
16872
16593
18868
3728
8041
17656
8695
13167
13773
10177
13443
8040
18372
14037
17444
3289
13577
13446
8629
15830
18176
769
1114
15299
2507
16481
7782
14893
13041
5800
4269
9983
3871
10597
10967
15029
12794
5938
14292
4086
14284
10682
9625
15295
8682
1918
12681
16606
5600
17695
17716
12036
18501
14196
13907
14008
6443
18602
17006
9923
10950
8922
18718
4474
2768
7316
8719
3377
11531
2535
7654
17429
17454
8076
16452
15626
6368
6516
3803
3441
12513
317
15794
8952
8458
16195
11899
5713
12347
13638
5601
6800
249
12845
18214
5522
3170
15349
10978
13890
16460
11441
17495
1690
1634
9737
16884
2975
10846
6289
4325
13871
7367
17086
16688
18135
14802
16136
6335
14838
7991
1125
6363
6778
15948
8000
3867
3878
16437
3635
16518
6081
1826
3353
16007
2174
12691
8117
6649
3392
18461
13456
2951
901
17374
1635
1217
15912
2874
3383
14364
3689
6336
5282
18185
12156
6520
1755
5041
9459
6517
4042
12181
18789
6197
1347
14170
3305
5786
11394
6115
6089
6177
9478
13193
18110
17488
11805
8722
1495
9267
16664
8082
13985
12915
17809
10977
12037
2808
15646
17406
14001
18690
8043
9752
10620
10153
289
9176
1280
11842
9223
2706
6743
1038
7766
2757
12811
13189
10817
1564
1181
1140
14381
9689
556
18802
10951
14202
3462
14023
13550
18090
2716
13750
740
13116
4852
13840
1122
18986
484
4983
4410
9333
4152
18147
5702
9867
13570
5138
16645
10840
17967
1952
18338
15428
12289
17336
6050
17565
12766
4289
8804
5489
15251
6125
4343
17
12451
4704
5927
16851
12122
8865
18434
7005
17775
7302
10296
11127
16154
18343
17824
18643
7629
11811
11894
17753
11668
16130
7970
10238
1769
2828
2556
5423
7398
16828
5048
4981
6169
14918
4423
17231
6435
10556
10231
11002
13199
13497
1533
12606
16454
11948
8373
9994
6830
18673
13451
3749
4826
18453
2469
8451
12266
835
14305
4254
7288
1579
3223
17619
6297
13472
5158
1676
5631
5688
3483
18089
12074
9800
3809
18641
17506
17986
13600
3398
9793
5989
18046
1873
6947
17988
3675
17211
2144
8046
12839
8956
293
616
15001
3822
9564
6087
12142
8098
1000
9955
8561
5103
14920
80
14186
8795
17461
4073
5760
16674
16075
7416
3191
9063
18393
7721
15405
8824
12408
8743
11202
5289
14696
17906
12749
11549
15033
2790
10243
8124
7658
17040
2448
17329
1097
10462
16578
6502
8417
1559
6834
15509
8294
3454
4283
10410
17407
7507
135
15142
16932
2216
14118
8319
16096
7344
5668
18073
3872
7726
653
18336
12459
14848
12026
11677
5286
16514
13111
18869
16069
4824
14101
11449
15927
13842
18395
10095
3860
9739
4782
3723
14065
8684
13727
5122
14882
10099
5680
2656
13560
13256
2465
9381
12196
15436
17411
4153
7221
17832
8389
13044
6354
1325
5550
4951
4174
3001
5396
9749
12360
4107
13241
12163
10211
11368
4569
1942
15069
3467
9979
15297
8713
4933
15014
7536
4134
1010
8019
8702
15224
12777
14620
4466
9664
7730
15372
2387
17833
3716
11158
2594
18325
6541
6639
5659
1225
2864
14512
18465
2551
16090
3747
298
7022
363
10774
1371
8327
5494
17003
12243
2534
11221
16152
5364
7611
9020
1906
11651
15615
9539
12320
18451
17268
4213
9641
6714
17779
13539
7143
12638
5163
16988
17276
5797
3217
1924
519
17024
5227
3344
18499
11710
11802
3303
10441
4739
18273
11484
4670
4395
11189
1860
6584
6482
7471
5211
7694
3558
6671
2947
13552
18605
5957
17681
13459
16223
12213
10776
9162
14518
235
9943
11405
6795
7990
15196
7088
1912
12479
11717
13797
17645
14279
6997
4838
14868
8226
4288
16644
12926
3175
8605
8622
12493
542
10598
10114
17173
14004
4536
11314
12751
3703
17207
18762
398
5151
17075
14577
8216
1702
1192
13537
226
18150
15806
631
4771
7352
15816
5728
3710
8485
14999
5402
5963
8710
16002
11734
16270
5870
1015
13635
7461
18883
10080
12052
6850
8930
11280
9404
9824
18119
902
13077
18291
15642
12476
11014
7437
16478
14378
4217
17873
10403
16686
3142
8064
16326
13173
11326
16873
450
12546
11240
9856
5050
17672
9275
13799
15600
17166
6574
17840
1112
14779
7987
11257
13756
16202
5717
9023
7231
14025
8802
608
11388
5739
18980
10663
15073
13958
19005
10897
6114
14178
11539
1302
15042
14646
7237
13384
13533
2330
16106
9647
4203
8545
13212
3176
18746
17018
17882
2713
3915
6480
6886
14241
17630
10007
13415
13009
2333
162
16607
14321
15438
16827
4299
2584
16290
18929
8243
6216
15290
4546
15779
6759
7672
11016
8218
2435
17017
4548
3063
1687
6399
11714
12232
3426
13129
7837
14818
4475
4214
2821
3556
6604
15276
17378
10302
2754
1105
17964
7676
4234
5558
13937
4549
5063
11829
14112
6317
6545
3294
1233
2059
12598
83
2176
18025
13336
3855
15518
14889
17462
10156
808
8306
2779
5244
8700
3328
15827
6961
127
165
4142
12450
16795
493
17038
17061
14822
3004
18561
17129
1541
1329
8958
7556
4932
13502
5816
4541
15684
10041
10710
1536
13394
3578
8536
8450
18961
11893
1694
751
7609
3036
10048
16658
4389
7378
7754
16377
2593
13287
3278
3530
13509
8928
10037
3919
8565
7918
12986
18900
9950
2505
5686
12046
11984
4008
16289
4023
17067
209
12207
4270
17741
18597
17460
16723
2341
1667
9805
16331
16794
3888
17514
6554
7723
8633
16025
136
6510
8338
4906
2044
7928
10167
4543
6982
9712
17830
11878
2106
12711
14492
16575
2993
6084
9851
4737
12428
7000
17951
14227
1406
7151
1238
15369
8231
2005
4443
15082
11874
6656
13165
5104
11953
15037
9210
17425
14745
15156
4274
864
2613
3359
17531
2634
14116
443
17070
15415
635
12937
14148
18489
5905
12489
2991
12881
6826
16648
18751
16842
10331
2287
15915
17786
13040
6959
2733
4859
14562
8021
675
4498
5775
4620
629
10143
10106
5565
8843
4637
14003
1583
11021
12698
9687
8103
2113
1482
14130
18880
2367
9652
5607
18620
16121
13228
8867
9621
16071
9270
17058
16282
8442
5505
725
7320
15294
16519
6713
1339
13191
1085
14149
684
16208
2335
11386
16311
14723
12743
2977
9334
7787
13489
16190
9487
3951
1166
6740
5660
8977
10962
8513
3810
8479
10393
15713
10944
4302
6036
15767
13963
13233
14591
3425
5512
15013
3837
11797
17869
19013
8780
1529
6333
16806
13612
4362
17808
10976
3347
8445
3297
18733
16548
7031
15152
16458
2060
7934
15392
18033
12821
5853
3523
11803
13028
5139
4815
4884
11725
15285
3073
15668
10614
748
3648
2187
17224
15789
6003
1213
4618
14900
2125
5504
8790
13142
8746
12089
4438
12136
2868
3521
1182
14127
8609
11962
10942
8497
1840
15589
2608
12995
11559
9638
17908
9236
11126
4678
2286
17558
5677
3022
17330
11067
17697
17902
8137
1212
17557
13005
17913
16019
802
4684
9378
8109
16636
12869
13930
18191
17106
14538
5108
10534
9597
15599
16112
1067
15950
16763
12345
4262
12644
12902
15520
12452
16812
114
4195
11807
17817
3369
8759
8901
13673
14335
6864
1088
6136
9635
5564
1656
8697
3156
17819
2311
12682
1817
8055
11771
8701
246
13013
6189
7409
18864
1641
17729
15687
8314
9843
4385
9952
6478
6279
10239
16113
14974
12978
14277
9460
5513
11122
9353
15989
192
7142
749
5095
5916
17985
17214
12740
11996
17249
15015
9051
17450
12444
8657
713
14312
5810
16080
5475
1020
17223
16696
6658
3887
5971
13176
7949
14514
1469
8723
3286
11611
8001
1881
9288
9719
8853
11680
12434
9423
12605
3117
9184
13770
1534
3637
14240
11665
13105
8440
16206
11444
8378
3913
18331
5386
1091
16984
15215
903
10009
16888
5695
5301
2225
18209
3655
16922
17692
6833
7012
13614
18502
10989
16839
9530
7817
4936
7581
2986
13806
6004
18253
17233
18549
10300
301
2673
3006
17448
7247
17204
4721
11321
6942
195
13959
12800
9259
7684
3319
10229
17273
651
4789
17552
17031
4613
9078
13947
3481
14244
8849
907
3856
2723
4856
7234
9344
13996
2788
11641
2209
17191
6350
17216
3306
4530
1215
6632
700
18015
18276
1099
6964
8470
14498
893
13838
14814
9132
8099
3596
18354
2200
4349
18333
3632
3054
6670
13830
14941
17560
18396
8845
17288
12365
12946
9068
3918
13027
9024
1847
12613
2156
14627
12461
11376
7254
10956
4499
17891
12070
12914
10259
16808
18201
16782
16101
2904
6288
4809
4303
17944
15148
1737
2966
2390
13662
1090
9786
18085
2652
8322
2436
17220
9953
10000
8426
5887
13891
16105
1382
17171
15931
13898
10500
9837
7446
16774
5975
11606
5578
5309
4901
12701
17515
18117
15268
1422
18784
17851
13186
11589
18385
17996
18158
3575
17686
15288
1876
7714
16193
2896
6429
3138
4964
9932
16883
13127
6624
105
14665
7971
4449
4123
1004
12188
1442
14458
2325
4286
14803
278
17014
11836
17837
70
12520
13642
9101
10575
8429
14683
17060
10113
10736
17848
2204
6716
14164
10636
12454
14151
8806
10399
7036
6107
3759
1677
17850
16681
4489
13222
6026
13934
11215
11232
6305
10600
12889
7794
14336
14437
13952
16256
1613
18398
14561
16749
7053
9627
3268
16656
3405
18749
2663
8366
16527
14405
2758
1496
1856
8349
17160
3433
8599
17896
6814
11347
12490
6967
8017
2905
10811
12662
3046
13269
1459
2704
12234
2829
18651
7909
4641
16998
12617
11935
18323
2393
9450
3758
9175
9650
2836
2130
1151
10993
2849
11181
18030
17385
7555
1254
1679
8282
12152
65
13593
11446
17417
3572
6064
15620
3280
17876
14425
12366
11486
250
2309
8788
14092
5120
16568
9212
1994
9107
15091
17272
11243
4703
1033
10738
9305
15347
1272
1334
14071
14994
6130
15824
1956
18172
16626
9540
14017
3644
13692
1441
12574
11754
51
13469
7157
8157
2640
5102
9336
13715
5716
5055
14574
9114
5471
4528
5127
1565
7164
185
3751
5940
4692
4878
10643
6484
15401
16137
22
15719
10707
10898
3418
11317
4003
6832
2941
3954
12688
12803
8871
7592
7431
16590
906
7655
2596
2480
11477
2440
14209
11055
7877
12296
930
9419
14197
5397
13346
2489
16814
4750
10971
5719
6207
3423
6385
2553
8859
3238
17110
4147
18892
13711
10922
13975
1216
13171
1135
6234
3186
3880
11330
9416
5675
18189
1518
7082
9958
12992
14264
13957
5785
4642
14899
5020
13091
2088
7227
10750
4421
17403
17624
10199
18824
5594
2121
8008
349
13317
15413
17932
12169
18753
3846
7166
14601
8066
6576
12738
2133
10566
11987
993
16435
2615
221
2855
12042
6172
2698
371
13403
10958
10249
12062
3321
13681
13079
6392
2493
10105
2417
1176
10554
15198
15458
6380
2484
13778
5884
18005
12522
7838
2850
3293
10068
140
10757
15785
4816
12103
6821
9065
10428
1836
15432
7502
15982
16329
895
8336
15282
9306
12973
4471
17381
17355
6971
15337
4336
14545
2494
14446
13481
14333
16151
18456
4990
13084
7090
2702
6403
2031
18574
15183
2405
5780
8992
335
13143
142
18238
13134
10120
107
13687
9383
8376
2411
2898
16777
13021
407
10198
11401
17929
9254
16247
11286
5588
3812
14461
7241
13758
12577
5709
11971
2633
3687
6378
3741
5237
14376
10837
4662
18648
6007
4282
4373
9782
6889
8618
12319
2592
9233
9880
5357
2093
1289
18347
9400
5389
1788
5382
8197
9245
11862
1093
18983
18608
17527
7277
10381
14359
11786
2406
11483
4457
10276
16862
13834
9521
2368
3869
7765
18881
12076
15326
9714
16029
8393
9059
3059
13030
15283
448
781
16780
6622
8886
15289
4712
9142
8658
11967
10341
2659
7153
8692
654
7812
12849
18245
14342
5990
2171
8138
4993
13068
8782
5999
3296
15587
866
19016
2163
11941
12537
18776
13897
12898
7216
15002
18141
1221
15533
1401
11476
1792
843
4960
11864
15886
12540
13499
4941
8737
11865
17296
18725
14636
16928
1195
8483
11356
15868
18633
14373
13798
16679
15211
18852
15892
12900
14777
15207
15694
6270
10567
4307
8572
2644
10794
2775
2703
3909
16325
8878
18051
9376
18146
82
13829
10954
5673
9296
6178
2430
2585
3665
1259
3318
18727
15167
13284
16579
2120
1954
16876
15187
16983
14641
1412
4455
8332
6587
9196
18392
15796
10766
18445
7540
1742
8508
13290
4261
12125
8372
7711
8774
2917
7148
5345
11030
13785
12075
1993
13622
11766
7719
5645
3739
8382
817
5077
321
272
689
12457
17542
10544
11258
15762
16632
10353
18240
13922
7820
12882
13794
14467
13347
9311
14165
3010
15698
15917
12989
12991
7274
12825
9591
18804
10725
12857
3103
9616
18917
1311
4334
10185
12764
15213
157
6414
2926
4873
7648
15139
252
16936
17745
3235
4733
11756
3079
2408
11318
6753
18364
4817
15784
5088
4867
13294
18568
2973
2988
14796
13215
14472
6069
3023
13708
18274
17085
17650
15445
15995
12385
9584
18319
945
4173
8431
495
7368
14194
9580
2737
12002
15081
5872
17294
7134
15991
11570
2785
4250
10916
18468
1036
11925
7931
15960
4130
10268
16098
2983
3938
8387
13033
6601
4223
9536
11752
15618
17974
15634
9677
7490
8435
12038
7480
8868
1754
4814
15278
13046
4440
5457
18813
11465
10362
365
8872
8108
17945
3825
5831
288
10547
6023
15638
6766
11840
6717
2014
15843
4314
12443
5312
5712
16601
9177
18647
3200
9592
17090
8482
10485
13274
9797
4019
15023
7799
2256
11225
1470
15115
9000
9243
1683
12033
2427
10420
3011
9330
9197
8717
18668
5460
13103
12588
2498
1730
876
18454
10546
16429
3208
10052
4591
7399
18457
10136
8693
3731
17982
12855
14045
1640
2158
13076
18731
10581
1764
17226
6938
7886
6495
18905
18164
17007
1096
17807
3787
7700
69
16251
3062
18540
8291
1052
12934
18179
7947
7334
8107
18875
16633
11073
4011
15057
15609
10672
5934
6944
3363
11276
4517
17954
12641
942
9622
6528
10089
12228
12421
13097
14077
6318
12819
5304
17719
7550
18941
4801
5956
7984
15579
2346
7861
2221
15737
15622
1424
6978
15027
6424
18430
1021
4925
17326
7865
489
1850
11012
17567
5820
13559
13737
3841
12530
2681
12379
10827
14303
14375
17539
3593
8341
14211
15426
1789
15159
11107
2383
9261
4306
6615
16770
3672
4202
18072
4486
12068
3474
3527
3891
1041
17109
18959
16620
17834
17675
8154
16697
6111
8874
14529
2588
7774
13941
13992
7046
3020
7079
17881
14203
16713
8048
15726
3195
6918
12426
13752
2360
17283
7681
16848
7174
14854
18539
8757
617
4067
14160
18667
14089
15956
10215
18183
10315
9194
7519
6221
18497
9055
14955
3839
9970
8069
18177
10648
4182
8342
17033
16279
3354
4639
14768
13585
10376
5071
8793
17285
15542
10366
16250
1370
15526
17815
3834
15550
6101
2192
683
6523
12463
15555
14698
7295
18064
8224
18793
6955
15701
6926
9855
14673
1751
2712
9612
10356
6558
18795
5449
14145
14444
2051
4766
7125
3929
705
10743
2601
2186
14480
18048
202
5567
11968
12556
1356
5029
16879
1242
2720
18023
13595
7397
8827
8089
7168
6751
6579
16040
16931
15480
12064
16865
10838
5837
4292
550
1380
13735
8608
1726
8687
6506
9990
15134
8770
16639
16134
16747
4331
2691
13148
8473
18233
15408
15423
11762
6230
8911
10611
1184
4890
15307
13909
7117
11003
2050
16013
5200
15465
6442
16971
5430
576
6072
12396
5329
9673
17155
10318
4695
13505
10401
1662
9189
11116
11765
7618
4483
13202
12350
516
11832
15652
15173
18216
6744
14032
15913
1315
11439
4391
17093
8852
1763
16111
618
13723
11954
8934
14383
7276
12508
2226
6444
11809
14325
16046
3307
18440
18071
17728
3705
1696
5438
15022
17762
6635
10895
11261
17842
560
17710
5725
4225
18215
6819
18989
6097
13905
6542
18419
18243
11392
13326
5435
12815
6595
16938
1898
5418
12979
5710
14916
17443
15905
18999
1379
9143
10532
7897
812
18063
5370
7796
149
10426
7450
2212
10732
10220
4464
12437
664
4121
668
17022
18102
2384
13113
3697
10476
16381
15316
18837
10627
4895
3045
12344
3798
8015
1361
2792
16592
8598
17069
4997
16789
10728
11184
10671
5406
5219
6020
4095
7351
3964
1692
11528
6377
10129
5176
205
6893
9463
11708
2112
18212
16864
14222
14556
18181
11774
1433
11357
14604
18498
13824
13475
11229
16919
199
15179
2884
11536
6420
8274
11872
3012
17561
2928
17754
5640
5921
11447
9507
8715
14436
2590
4609
2747
16669
7862
4510
18809
8556
368
6940
8251
6246
14156
8493
7440
12953
4780
12730
2969
8632
16097
13671
8923
1517
3806
4774
14455
2888
7433
7482
16335
14659
5230
1436
2866
18632
12582
5987
14505
10504
17409
12331
8857
18740
13861
10282
12802
12664
13422
16026
18402
9637
9594
3402
13297
11166
16044
5350
4242
7410
1762
10537
11741
13534
13014
5070
18173
5059
8
9980
4552
1603
16236
1775
7159
4742
11203
10289
2918
17790
10877
1160
17282
13100
2318
4184
1800
12975
18719
6171
7315
4559
12314
300
16370
492
18086
10646
18026
12853
12974
4706
18397
6781
670
8559
2529
1251
3666
948
16305
18921
2198
10708
9086
9273
1820
2883
12100
14911
4647
14567
15464
3125
1750
15653
12146
14438
257
13536
4369
6173
1699
5060
15971
16580
2671
18514
17767
10527
3234
9915
1387
3854
16322
18175
14248
12192
13777
1298
9075
18038
8706
15562
4156
14764
10937
6804
15397
2481
6839
4463
5238
818
13613
1003
15249
2369
7462
16306
16604
10181
4915
7441
18698
14144
16357
7178
9355
3140
8351
2813
15162
12017
8732
245
16073
14535
14171
16092
6366
16956
2355
14823
13391
9168
5490
18107
6315
11022
308
1331
10832
17520
5903
13060
9809
16559
3101
780
99
5113
13168
17917
13485
17530
12940
8800
3984
18069
6891
18123
15220
13463
3921
5945
14462
6481
5825
8772
8215
10250
8414
12553
17123
4922
14971
16266
1616
8971
18761
883
7793
16048
6060
10988
3386
7663
18726
17735
5881
15008
17795
9392
16443
1581
10313
17251
17342
717
12431
15688
809
4554
8763
11351
14104
1027
1714
872
6640
5833
18920
9179
14447
6108
2732
5961
8392
15637
9511
15865
16778
3651
1407
17602
4252
6046
1072
1555
6699
9804
11463
14161
2955
15965
18717
7225
8528
11496
589
16087
10513
2262
9938
8113
16831
2441
6612
11594
1271
815
17028
12407
2628
3192
7664
13927
5405
12377
8624
11647
18474
17553
9557
9991
17791
429
18835
16927
11034
14998
1079
7839
3724
7025
15016
3212
5005
18858
12901
14821
5991
15536
13878
15038
9570
17194
11991
17580
1551
562
14643
16646
972
18968
9052
7751
17613
5560
11456
7357
18258
10038
1257
2154
2523
9765
3127
18623
2428
7176
5626
7333
3520
14983
7118
8412
11284
9085
2491
12153
779
8762
14597
2242
12399
18275
6628
11852
12511
2208
8694
10237
13031
14270
14345
8688
5666
8773
7771
3077
15884
7932
5548
10247
10573
3861
5285
312
17674
10822
5500
16302
6611
10843
17528
8362
16399
17203
18312
11857
9235
8265
1385
7149
6479
11767
1745
14005
18373
16070
8913
14083
18689
17793
16759
3338
8903
6398
17904
12801
13312
8636
303
12861
1308
17937
5858
16958
8583
13072
12242
10973
5563
14388
18694
10506
313
5442
4396
9318
6664
2701
15393
11541
17318
14578
14672
187
16230
1172
15277
15116
4744
466
17163
4434
13362
1531
4928
9367
2914
7505
13264
4919
12499
5763
2532
16668
10875
12387
8811
15147
4479
9070
6840
10991
247
7724
15370
12357
14126
13966
15070
4625
9912
6193
7818
14990
13379
15172
14961
11720
302
9973
10863
5986
15291
1488
2047
9649
2579
14968
1727
10061
17734
18267
4879
18544
12985
7264
17784
16889
10653
12446
11366
3756
17636
18543
5375
12554
8487
12567
17048
18022
7094
8941
2550
5006
6858
7495
9884
11768
16659
6099
9325
8459
18735
4713
3811
5182
16743
3535
6973
15178
6033
10722
4167
3457
18138
12029
6326
9138
11360
10464
1323
5718
8819
532
4685
9718
5131
5278
9111
18842
399
8308
16853
2317
15776
15304
6437
15235
16384
9690
7339
2669
10664
17669
7299
18607
10935
7573
16513
12227
2944
7024
14931
9602
18552
18711
5812
12342
6890
9842
4187
9337
13914
12453
4249
193
1046
54
4976
9610
12775
12542
11503
15980
1897
4280
8728
10414
6519
11469
11196
14380
16015
15966
6086
13405
12699
8136
12400
7642
10591
16624
2202
14309
2834
10281
16738
4655
17586
7678
18780
8927
16209
11083
8614
6923
15083
16520
10180
3673
6260
8832
4640
11155
2743
18190
7243
17436
6802
8711
13995
16189
5609
1197
17199
4864
7400
8057
3112
798
12706
3874
3555
4472
4770
10067
6252
10892
18387
8411
10266
1816
9835
2110
11064
7884
8749
14230
13911
5235
6077
1392
390
10121
14658
13707
6953
17888
10952
12250
13955
16175
8646
14439
13700
17785
3479
10883
17121
2304
324
17258
5439
8641
9830
7476
2742
14273
47
8921
11271
2971
15343
1362
6188
13270
8330
18365
9351
4355
11993
14120
1411
823
14516
10603
10351
4267
16102
16495
10596
11308
3690
15267
16171
10439
7338
4649
2353
10240
18853
1384
4778
3626
15378
3256
8925
17139
10616
17491
1992
12608
7620
15685
18603
2791
7533
5452
15007
7651
6441
18459
5747
1092
9462
11198
4503
7412
8280
12238
15449
1332
12202
13527
5737
13083
5942
7487
11207
16257
13540
3779
5240
16866
9328
6983
9544
9169
11691
4579
11639
2726
949
7941
13164
17854
11324
16491
2694
1899
12414
10584
10689
1778
12355
3080
4829
7466
8520
15736
15524
14184
16684
16066
1255
4722
3021
7617
10205
18429
6311
8547
16751
4176
7858
732
10734
16508
10435
14137
8863
1383
12358
11597
13442
13964
15607
9595
12044
7636
15848
18406
7683
9626
8984
633
16308
1593
3864
14049
765
14474
10565
274
6058
1921
8803
13928
3348
16043
940
16724
6852
13263
13221
5226
16197
8499
2522
13365
14682
15877
9702
9967
8529
6120
14536
12211
8506
16957
12165
13092
17197
16986
406
13137
9104
16003
5359
3412
9253
13057
14361
7954
17685
8566
1671
9170
14464
10608
3167
6255
15010
6337
17849
7707
7827
6054
5967
2431
9035
11412
13658
18313
677
12757
18001
933
14523
7332
15217
2259
11922
3676
8363
15044
230
18422
7389
18821
13551
4648
16318
3132
18126
9171
7064
12145
6637
5754
18817
16571
7775
4818
4400
10325
2210
7887
1343
8097
3220
2032
17852
15234
8509
15506
10783
9787
10746
8170
2084
16158
18228
11391
12262
6151
3068
5648
13464
6537
14932
4016
16547
11645
6012
4337
9036
13507
8486
18314
11084
12963
3717
2345
18913
9018
5245
4208
13452
17100
7548
15221
13866
4767
10305
12376
16960
7783
287
8401
17581
18923
2148
14332
598
771
8277
17827
18149
15631
345
17570
16421
2366
491
1711
14397
8207
14924
10323
9717
18018
11164
13147
18374
7929
6750
1082
10377
8885
77
6017
1632
17312
9439
16962
16868
7773
6453
9670
4429
15375
16670
8168
13793
15604
8879
13419
11726
16875
18692
5274
13986
16408
1348
1654
5932
7163
2923
17713
16430
1537
12931
8987
4728
4397
10178
13038
10691
16122
9098
8835
551
10158
6500
9370
13888
8075
17124
10849
13095
8434
8516
15628
10361
2401
14950
9757
7126
17789
7652
332
12709
16477
14675
7718
11089
15544
1765
7693
13032
7760
3944
17306
7407
3216
12804
5325
2916
18866
14404
3258
6770
9962
9248
18877
2879
4848
17598
563
17332
11621
1630
11133
5477
15867
5330
9225
11113
4232
6229
2840
9228
17391
16187
14951
4145
16140
17227
14782
6301
10816
14140
14718
14758
9903
12381
7017
11600
8130
8400
12649
6182
18348
7290
12224
16915
5010
10507
11479
5621
14563
839
9999
16348
10413
17348
5112
12780
4902
16486
3199
13066
14269
754
3805
655
3698
12093
12646
16373
17164
596
155
15448
4725
4054
17354
10104
11373
16497
7873
7391
4151
7291
4083
10529
4296
11359
1732
8038
2024
5087
1294
16990
7144
2959
8256
18888
2772
2816
16466
6248
17079
7739
13458
10706
15226
10119
8278
15444
9287
18894
17111
9099
15190
14973
17939
14246
18335
5383
17521
5592
10128
10784
13339
11620
11823
5262
11999
3679
16030
7349
14772
14873
2957
9125
12660
14883
3612
13368
7946
3780
7598
12865
16692
15302
12265
17376
1357
15811
10226
18114
1889
11699
2658
13503
4212
3096
6491
1706
1940
16882
12292
7343
10543
16020
17595
15909
514
17543
12904
15176
4127
15138
9838
13424
5575
8704
4163
10878
3351
12532
16891
5128
17733
8255
6969
2867
10999
18755
10934
13337
5472
10023
7034
11316
3525
3620
5896
13291
5819
15450
5914
10
9919
5369
830
9088
9790
12721
17631
15635
6709
17439
15866
17311
4691
1609
10417
11895
2525
11914
9202
3563
662
17705
5722
18203
11097
8592
5444
14812
7866
18082
5398
3765
17050
9389
16254
12552
15210
12363
17135
5864
992
18934
18414
12993
1963
12472
885
16602
3957
9936
8708
4529
7380
6863
9585
2976
4582
17922
18654
1100
14600
4024
8415
6486
18477
18670
3060
9542
5499
16492
16083
2415
14728
10756
9532
17269
14801
18653
13631
3947
16613
13581
6806
1335
13525
12221
1969
17511
14366
5976
11835
18493
17281
6515
1914
4581
6941
12128
1601
15672
9675
1875
7196
14416
5866
7988
726
14428
8248
16444
8210
16168
4090
184
15086
11175
8530
7229
13969
138
18847
12679
366
5349
5119
10375
16418
10155
6056
1263
9624
2958
18052
11117
13356
4367
7366
10288
6708
11250
11656
2795
17918
4612
4072
11020
6347
17931
17415
16181
8184
11533
5992
10590
7306
12498
11658
12891
14026
2146
17509
15272
3255
10227
6256
17287
3121
17941
3401
8131
9961
9672
10561
9049
932
5777
11822
10154
11302
2314
9456
7741
17002
11241
7463
9060
18759
6631
18256
15559
11429
5955
8407
13627
10752
13929
15957
8844
4973
5378
13445
3789
6118
8531
3040
2092
1628
7278
8148
4832
1837
18159
12602
14207
3122
6789
232
6209
9025
3906
16186
17457
10467
8296
3179
10430
8408
7833
8894
6434
15054
15512
14507
18222
913
1074
2126
14987
17451
1885
16265
1868
9331
12957
4264
4959
13408
4827
7310
6927
5225
1244
15214
6868
13427
9406
2196
2284
17340
129
16402
18940
13487
11329
4093
3988
9524
17217
3415
10773
17583
18118
3972
18738
5813
17866
14033
10791
5411
11384
14755
17140
7228
2247
2458
12123
4025
17083
14234
7813
6187
6241
1633
15181
7913
13058
15772
5583
13573
1487
15048
12868
6847
6140
8199
12566
15180
506
10634
1972
17859
565
1781
3935
9629
14350
8187
15273
5726
4379
10583
17556
10272
5553
18080
5708
2308
9038
9630
13917
17562
10151
1452
6359
3799
13429
2611
305
15581
12669
4133
11309
15893
13521
2399
17522
1239
16210
2040
1829
5639
1946
7411
11282
14215
3695
5994
13314
11697
10480
8766
13921
6742
18367
4377
2268
3570
2373
17883
15460
15068
6761
18093
17248
8343
7789
377
14041
5185
7659
11880
5079
3529
1539
15828
11028
13889
17894
13293
14884
18714
1341
8262
2058
17247
18553
2811
1834
15676
17351
12324
18591
15999
9759
10695
16798
10515
18700
17468
8600
2278
1157
18878
12000
17647
2260
14316
18103
873
15705
8864
7579
2205
3980
2513
5154
17256
17591
766
2069
11976
5266
4735
14975
1206
9309
2451
13333
6433
8982
2271
7757
11830
15508
1782
18057
6660
11520
9074
4467
2862
3699
6977
7419
11978
2370
11358
18928
14668
9187
3361
122
18112
6645
9529
16269
15525
12423
14482
10915
13438
276
15693
8968
8861
13133
13080
16432
5492
14727
15102
2856
267
2643
18099
7605
15674
9747
6450
6603
2152
10502
3042
2985
13846
18688
18639
17892
13893
9154
8969
5803
4197
15571
8823
12629
2631
8752
11370
7520
9445
14752
7305
2527
4115
5459
13245
18484
1147
17202
11013
14530
17353
18626
1535
3281
12477
12762
18757
12604
3366
18671
8579
6210
1393
12531
10484
16858
10258
11881
12557
17821
12134
12835
5913
8637
11956
1202
8452
6018
10871
17720
11685
12049
5228
12011
673
17589
15193
12826
9452
546
3239
4804
1653
16642
5501
15734
2409
17402
1419
9847
12107
9900
4781
17405
11182
7138
6589
1557
17958
15750
9430
17927
15364
14954
1269
11672
10552
328
12571
10453
5993
5028
810
10035
9960
8270
15662
6493
17471
16354
7362
13880
1655
15997
7745
13251
10755
7273
16385
6109
12219
1222
13022
15818
15281
9852
16728
3166
15804
14251
16944
4497
18009
8375
12126
14221
12390
9758
11260
5832
15572
7027
5012
1760
7417
4435
6365
14201
10092
12509
5161
10914
8995
6609
9846
1659
18845
7516
2561
3488
11076
10058
12671
14007
849
2179
8635
16752
11638
5380
998
10486
7383
10391
5748
5314
17935
11736
8490
6948
7150
6195
6912
14272
3058
14819
6720
5066
6045
5366
4514
5873
16356
12492
11102
7826
8433
17868
7973
10386
6440
7662
8550
9451
11471
12395
3139
6607
2901
12929
8494
16991
7010
4082
5793
16503
9561
13444
18826
12851
11435
10179
10411
7942
12259
16463
1639
6153
18678
4451
10510
4889
8178
15461
16424
7868
473
8586
1990
9360
9572
11279
9951
2254
7800
2450
17972
8225
2630
1200
11050
11673
15402
1935
6784
10101
3044
15088
10775
13334
8027
41
12217
5319
9043
11074
17210
3330
5822
2068
17346
16912
14790
7456
13484
13359
6732
11287
14228
9008
8580
2717
14490
16227
7657
2218
14078
14031
2139
688
12614
5514
3
17489
6610
15918
11461
14526
2750
16396
10760
8944
8284
3627
3449
4316
14926
13776
11571
4412
3920
6243
17818
14224
2151
18537
15330
9707
14980
7224
12235
2098
6564
4436
11581
6813
6787
13488
4340
15894
438
909
10860
18462
14770
1757
18142
1175
14515
14789
10580
2618
4732
2581
7911
11544
1421
6563
10595
13390
12118
14055
11216
12663
15126
3611
14759
10374
4961
5842
7806
1626
11806
3193
6127
64
1908
8745
2924
10398
8259
3371
5214
12419
9816
4664
13884
17671
3975
3355
8801
17280
55
15814
14623
6673
471
9172
14521
3966
2569
17323
17267
1051
13873
13868
15703
5918
3968
10524
14650
5573
2653
564
5827
16067
9784
5047
7926
3228
17718
1374
16982
17970
2122
8195
5308
2149
14360
4785
7478
18105
5969
18232
3171
13067
15577
14799
6091
7062
10751
7688
6583
18487
2320
4598
3168
12071
2542
17286
17029
14628
17008
15442
859
1570
16440
14885
3574
11592
3237
7747
1149
13807
7509
9102
2929
7881
14688
11816
14084
8039
18042
18991
7250
13990
15066
16183
17419
17372
14315
2434
9001
13591
13225
15229
5156
12096
16156
9605
15992
7485
8163
347
17130
12797
9498
14300
7404
4057
18524
4931
13923
5867
18884
9012
8116
10312
9822
8114
12079
4383
6494
3894
5189
4450
17138
1351
10731
646
555
14711
18259
15374
2727
411
7963
67
4094
9678
2869
12977
18827
6508
9294
13967
7616
5009
6024
14413
1002
13993
13183
11480
5530
13070
1612
9094
15233
8454
4276
12880
8839
12822
9589
11866
12607
1909
11657
4676
13240
14861
5570
1207
7268
16005
9300
18902
17942
1232
5915
6553
10482
11343
17104
18197
1116
12193
8685
15440
6264
12048
9877
5209
15062
13494
14013
481
16448
1253
6356
18075
5273
4488
15855
12114
15146
456
10373
3153
13706
5046
18701
9534
8917
643
9905
7580
14389
11994
1827
11601
13411
6198
4382
8786
6397
5288
17759
13085
15320
10124
15490
11926
14750
13340
383
341
14106
7933
13677
17055
14043
5231
6555
12313
3573
16857
5537
5064
18152
7189
6415
5840
6543
15043
10406
17524
4237
7037
7686
2326
10234
3086
15928
14027
14549
18767
12724
6818
4460
7851
7780
4610
5662
3559
10953
14253
12268
3678
15574
10022
3395
17313
10260
2886
18286
15623
11938
7644
13836
9182
13624
17803
6358
9213
1790
6985
360
15389
6970
11188
5291
4989
4687
17930
18463
4614
4573
16129
3582
9173
6116
15570
10241
12633
4401
7702
10232
4516
9957
225
6764
2018
9939
4487
17486
1669
16273
6053
15079
1896
2616
13742
5791
4137
6780
5697
819
12645
2145
2127
15248
5096
1698
13616
3486
10064
461
2979
17693
7706
15019
10968
10858
18538
6654
4714
14947
1138
10633
5191
5358
10273
18685
7072
8515
12191
5576
7256
14479
6218
15671
14509
3778
2229
2061
5362
5743
3628
12568
9774
2990
15270
12088
4204
807
14274
9108
6373
10533
4157
12988
10018
2118
16803
1752
7307
8776
7253
17877
16246
11629
18506
8834
5110
6057
8654
14895
1208
4763
7525
10812
7184
8029
16653
1682
2029
9546
17989
7345
17660
5175
467
8230
7211
7394
6274
9047
16695
6677
15350
16131
7109
16036
12348
15567
11707
9481
15809
12622
1400
4673
4181
867
10550
8974
11291
14976
8939
16546
16283
4418
9457
17577
1819
1575
6239
16415
11305
13555
3300
16320
2297
5412
12921
17157
2685
8311
18054
11035
5470
11426
10112
2939
12767
573
12420
11112
18368
14476
1854
6518
9178
17601
8767
16139
14111
18739
5857
12361
14540
12352
18014
9356
15424
3720
3215
3291
14569
1504
13132
3900
3067
17934
1526
11711
11242
2509
1831
8399
12013
14403
9801
15766
1188
16330
833
16810
3436
4407
13881
14053
12676
15391
3061
7047
14892
4672
5690
4236
5455
13669
13151
6856
24
14483
3828
14374
13693
16816
10797
5199
18305
11052
18859
5682
6254
13471
7453
15259
1543
14002
5935
15998
12189
485
1928
4571
12327
9763
14534
14478
4392
4970
8962
15243
15786
4108
2194
18352
4114
6666
163
8645
8884
7081
8323
16378
4245
2780
13349
10818
5509
4544
4117
4588
4348
10011
5937
15802
18768
5834
15275
7111
11676
10224
10767
9755
980
6920
11141
2214
1064
1342
13906
604
12168
18521
13461
11493
10487
11247
15897
9684
1279
17274
7121
13726
2541
9401
10133
10789
8346
1988
11108
8360
5809
11723
4260
5371
10415
5972
15024
9551
2185
8011
16554
7271
3411
17341
13857
18973
7600
18219
13020
7521
4954
2038
7631
16886
2272
9897
3468
6672
12983
18098
17496
9440
14550
10499
18584
10440
17099
2426
2889
14870
1134
16128
2238
16760
7957
17034
6432
3158
6529
15047
15947
13175
15135
4914
10821
2722
14800
11090
6474
18797
16242
2166
6222
11231
5657
15859
13389
18946
5164
17879
794
18684
7725
4845
12876
10043
2583
11545
18106
4929
15795
10468
13482
2881
10278
11176
12398
9048
17455
5141
15151
12769
12635
3554
4059
17062
18163
9581
1910
8638
10194
464
11339
6928
17250
8250
9720
18660
11508
16119
9323
5038
17484
5922
18130
1842
10044
10085
14896
1133
13216
6675
14100
12284
8267
709
10110
12287
208
11275
3890
2843
5058
3030
17721
7972
6449
13713
11795
16225
14864
5768
14204
10427
7566
989
4326
2745
2854
7874
4051
8413
10210
2620
128
3640
15319
186
9185
3111
1143
14524
17555
15619
9669
8712
12496
15189
9426
2708
6168
4793
16317
9133
3274
5507
8356
1364
5326
203
776
509
6859
11623
14917
8953
2026
14689
13647
1720
4956
18527
3419
4688
4454
16538
7249
2688
6848
13839
2832
4000
2512
11072
1037
4622
13341
5109
18856
1230
496
17504
7019
13739
5236
15280
2374
7538
1463
13406
18614
18309
9709
12132
7251
1163
10749
8067
12417
16906
256
6865
2339
16501
8219
3104
3399
7439
14585
18734
12964
15757
13771
5766
15365
9810
188
1642
15254
10896
12948
1107
2910
7179
8063
7595
7106
6231
1418
14334
5618
7717
9766
12829
15741
12172
15439
8337
6374
14923
9778
6445
7432
14163
13449
1766
17398
6123
13606
10309
12703
17225
1558
2877
15985
14495
16935
15314
5379
16364
11031
2646
4797
7030
18510
16694
14449
12593
2487
14858
4046
8510
17401
3201
15656
5814
528
14056
16585
8221
7808
6292
17388
3515
5525
4828
14162
1500
3824
15346
5419
17800
2521
15493
15925
10828
17919
13611
10521
13860
11409
11103
12647
5624
10098
11206
12164
16916
10072
1481
4505
15051
6321
7026
9850
5894
11944
6799
17380
3259
3742
17209
7261
18255
15435
5808
9873
17043
5317
19003
18281
9703
4480
2323
4506
11170
14136
11513
16395
5549
15329
14020
9740
16203
446
11812
14686
441
1949
682
2232
11980
5848
4238
17195
6212
16834
11450
3948
14125
512
17956
449
7124
7183
10349
3956
8365
6902
18283
6647
4943
14450
16652
15678
10213
10692
12129
15614
14021
13780
8729
8676
7895
5608
17975
15996
13361
1314
16973
18200
17673
2794
8569
17839
6090
4608
991
12468
8007
9066
1104
16773
15863
8522
8571
16217
17487
6996
14612
648
9485
14649
13179
17551
3028
7415
18822
12863
10450
16952
7371
3769
16367
8650
1425
10161
8119
11091
3549
9161
12303
12909
17289
14829
879
6079
14398
3752
2778
4210
6698
5910
15456
7903
5531
17752
11334
7703
8517
16860
1930
14807
12718
8838
9642
3272
8406
1625
1756
7458
13112
14554
9302
2909
12440
9315
13462
15078
5980
9335
577
3550
15955
8416
8161
13238
18756
12230
13227
16699
3601
9781
15325
12784
11719
10083
16799
525
15455
3711
6413
1136
15994
13115
11561
6098
16586
14297
4619
3041
14069
17857
6225
18400
5160
5670
17183
8541
7847
9348
13144
12311
487
10219
12885
4219
14773
7204
3538
10796
18004
17482
11688
12569
16027
7319
14603
11114
10081
14647
7927
15104
14783
17159
1266
9103
146
1731
14094
12275
5734
1893
9566
14085
13547
17966
7438
3038
12178
1322
6711
1292
13428
6685
9987
4992
3804
14313
5616
11817
2624
5381
5248
18695
17416
12353
4088
8023
7545
9933
13185
11946
8805
10002
11008
3456
1167
6025
3400
1448
736
181
15311
16412
10606
17373
15074
8882
4420
6405
1843
7846
3035
13155
7448
12736
12020
11109
15417
6339
3730
16951
2902
10221
277
9413
7535
5847
12816
11890
17490
10169
17137
669
943
15679
16896
8367
14024
16163
7554
14493
11071
9357
9663
6009
16177
6419
583
18060
2670
2953
7966
14934
6155
15861
19
13804
15340
11416
9969
2825
5965
18049
627
9150
12938
14323
2337
14044
14217
3203
5464
7914
1809
3065
16676
857
12448
1594
15798
8578
6805
15691
3693
15977
8689
4228
6921
13877
16551
8936
15201
15305
3670
10624
15094
9934
18724
8143
13369
5651
4572
12558
14368
1018
1596
17663
2846
3424
12069
17771
12748
17995
16949
1141
9736
15496
13436
14715
4563
44
12832
17172
4788
2609
851
11940
9076
12110
16993
11524
13211
10150
4207
14731
17627
1223
5671
9965
13822
8891
3782
4869
9229
5901
2379
8034
7778
8292
112
2518
16609
2679
3681
14656
15157
5724
5333
2097
11556
13109
1584
15717
6131
13101
5177
14341
12086
5083
18805
11727
9058
652
18559
2025
14684
14995
13714
16411
6571
13913
13849
8409
13131
16832
8279
14377
14582
254
12280
14919
7855
15471
13529
10921
7113
6196
3072
569
15371
14410
7269
13609
10542
9031
6721
15899
3088
9901
7424
16124
13853
15745
9893
6180
12657
17731
17120
13757
15231
7119
1771
16924
17118
497
10202
9988
6980
6533
7217
11586
13209
1458
10882
4126
2245
18936
3875
10454
18578
12405
7690
5676
16768
15756
2672
8397
14804
16351
17266
12149
4387
1231
10402
7823
18464
11911
2161
11781
7085
9823
10290
18675
15414
4545
9006
5535
6962
7734
12336
18507
8948
18722
1103
17219
8289
11777
11288
15447
4013
3671
3682
2845
9992
12503
14847
1791
8080
10024
11005
13370
7443
2711
5424
5930
18076
9874
14737
18235
18252
4075
11246
314
14763
5752
7938
6158
9466
14738
17662
3097
8237
15310
687
17263
17186
7156
5168
2548
3226
11372
4617
18942
11239
3510
13654
11789
17371
11744
16574
1880
13796
18178
15499
6820
3850
13325
8576
1467
6559
7849
16037
9208
1493
3996
10748
8691
18409
10621
15914
696
11162
5593
15133
5577
5432
8808
6203
1962
8358
1476
9865
17870
13637
5954
2299
11434
11431
14226
13575
12717
586
7613
10769
1179
12032
17074
10107
5234
95
9974
18078
13862
13504
15617
9366
746
4354
2911
4708
13703
9338
7834
17368
14295
486
3641
7327
6585
120
8955
9898
8779
14862
4034
994
5744
11353
14633
9455
9263
9620
8563
12998
946
6043
9885
13810
4574
13774
14648
6005
14602
2860
5121
12334
8028
14725
13841
11245
3288
2865
10042
3037
1974
15000
1489
7948
6191
11913
5212
11234
10873
34
14989
7386
7510
12425
18645
8423
8655
17242
13847
9117
12245
2570
3450
16917
215
10651
16337
14776
12337
3213
16110
14808
14869
14781
2967
12927
6828
2893
13675
17319
15716
5602
10424
9735
6755
936
2746
10173
8789
15945
7570
6728
4840
12035
3317
14784
8734
17132
1404
15787
1124
10452
6707
15611
13628
11958
2190
16392
18606
2104
447
6233
17875
16678
7115
12665
1144
14886
2692
12924
7582
5393
2099
5672
14742
237
1127
3897
13828
4495
13665
12045
16771
4730
16850
4198
18704
3829
3546
14609
961
13944
16407
3134
1063
11374
2744
6351
3733
18583
7732
1203
10717
14663
2625
1638
3519
9696
13548
4597
11044
3639
16347
17802
17564
12759
16617
18769
14593
8462
12639
537
13945
17801
503
18508
14859
14913
14707
91
11265
7822
4224
10369
16333
14328
8910
10704
304
4631
17244
13740
6146
14351
18483
306
5498
11682
8379
3251
6899
9559
18296
17608
2138
9998
4494
1717
14991
18369
4100
5852
18268
2195
3979
18095
16630
2052
8201
6705
75
8258
11838
18301
14746
16032
9284
12962
4384
4248
9560
12143
3946
13872
12263
15591
10164
9369
1883
541
17299
10339
3270
3896
17712
10257
15585
18587
8677
10344
15367
3842
12798
1719
10390
7788
4188
5811
3161
6951
7603
18681
12716
16340
12842
14220
2932
2960
125
16405
10853
698
7969
18221
6390
2283
13755
12824
18129
12907
13182
13608
18729
6022
13258
7712
16465
12670
8232
11662
12229
18188
7096
16363
2137
5479
1307
5451
3552
17302
18062
12580
12870
9606
17307
2064
1566
16104
761
11119
5426
7105
17811
4568
6345
11307
8469
11270
2334
17845
18536
9128
11348
5985
4945
5316
16397
18294
10948
13816
18225
7303
14409
13296
15507
6697
18841
2647
9733
6532
17603
17087
5962
15031
5998
3253
1310
17239
1805
191
8551
4295
14061
13543
5294
3358
3767
7961
5925
4092
18906
14653
14208
2950
9726
4138
12527
1707
6935
978
6042
1767
10503
10658
6035
8595
15100
13184
15050
12144
824
5280
5008
10326
9501
12589
14133
4402
18525
11011
16127
17245
14618
15853
547
16107
15624
18039
5344
11369
18924
17324
17782
9878
15758
10592
756
9892
11813
5277
10716
6477
4812
9515
15746
1647
12792
7336
2371
9834
10071
3937
10538
9441
1587
13729
1218
15009
90
918
10291
11669
1261
8980
1721
9039
13817
1561
18836
12528
14830
12116
10191
6851
3800
16996
5871
13351
9845
1005
7369
9844
1973
12526
7632
1586
14314
5302
10046
2998
282
8078
2207
3184
4669
12201
2586
1545
9493
6898
7201
2402
5254
17364
11547
14510
13001
8957
9651
14401
11737
11516
5327
5117
2555
6219
13234
10907
14293
14751
12104
16934
8059
13562
8534
16307
2183
16612
18028
18712
553
11679
4671
14463
7863
12534
10508
12611
17635
16324
17498
10271
4191
7639
9860
17644
1979
9849
4006
7263
9272
14741
15898
6194
16314
4096
10345
1031
15143
182
6934
7465
18363
17634
14452
17907
6756
14709
828
10983
13948
11149
16228
916
15191
8214
5532
14827
15517
153
17453
8428
17679
9583
2359
385
4255
17169
15606
6946
16238
5243
5340
7108
12176
16682
659
13976
6908
12226
7055
6990
16178
3602
15790
7531
3105
14785
3748
11649
1576
607
17962
3863
12976
3636
6389
11419
8398
17893
7996
579
13970
18370
15399
17466
18952
10310
16945
4065
18359
18874
15661
10016
3517
10690
11041
2740
9920
2497
7962
13375
6128
16489
844
9281
14190
1300
6981
7197
6798
10055
13587
10857
15487
2000
11273
106
9391
17328
11696
11393
2982
6827
12254
12600
3603
14888
2804
13382
13000
13220
10029
1982
12466
12783
1689
4322
17836
15160
2389
11837
6410
18208
14168
8590
9193
2499
10970
1926
2416
4028
4937
6984
6791
15747
2540
7220
12873
7489
951
16298
7597
13465
12374
5762
9198
6727
6251
4222
15939
548
11098
8709
7314
12954
15124
2162
1312
13925
3382
16062
8940
4876
11514
3902
4758
17432
9648
3583
10777
6692
2072
2087
16300
9250
7864
12959
3725
4378
17102
13332
14066
7116
5126
14081
18818
9313
10176
10336
6581
14901
14391
15953
18460
7089
10093
8313
18958
9513
6073
18375
3899
12053
16346
18353
11139
11335
15911
5123
5917
10758
5448
921
16176
111
9488
1094
12322
13421
10490
5545
18977
904
3791
16953
5082
1270
16621
6273
16930
6281
5598
16229
11585
17658
10514
4
14811
15478
4752
1874
15870
17497
5646
5099
6332
11583
458
18652
14611
16700
2687
12729
11395
4037
11390
10555
13295
9615
5080
18791
12521
1320
9029
12584
11209
4715
12253
12351
11527
9297
17399
2385
4896
12741
12875
15222
18515
10404
18206
15815
4842
9863
3148
7058
11927
11420
9510
12081
8328
10985
17382
1688
13792
6066
16530
2496
18492
3209
8325
6776
6792
12799
4836
18889
6651
7623
8003
14199
18523
18479
13709
10316
12105
11705
10026
15760
7283
9496
10469
8012
8707
18517
8286
13280
16672
8252
18278
12471
15627
17518
6599
16913
14088
9632
18424
8502
8617
17072
17154
11728
4099
9220
3310
6302
12439
13820
4547
8596
435
10666
13912
5098
7759
11769
2610
14506
15500
7359
11782
11186
4022
16085
2996
3901
13800
5206
9578
16541
3230
4190
7048
8601
6551
1398
18703
11466
4652
3598
15354
15645
630
4243
6989
7959
3242
176
11626
6596
11328
3160
14260
11522
4891
4911
12905
2243
12009
12561
6831
7529
12488
10919
14324
17889
18760
5603
18655
13802
3541
9226
12185
11277
10972
9411
2483
9492
1861
13629
9593
892
13261
12113
11887
18027
18554
15852
18705
18599
10262
15961
15539
9731
10352
6507
8669
7905
10295
3514
18044
6051
10780
11530
3973
18016
15557
173
10493
2258
12047
16077
5313
6416
10747
10097
12776
11849
13558
1241
2463
16622
7713
16301
6621
2279
11185
11921
281
8145
12404
18833
6271
5043
1477
3110
9386
1835
15203
9565
12564
7935
14855
6070
6462
11663
4128
14289
11323
10622
10519
10570
3137
8317
16420
4636
10214
17071
9120
4465
6987
17867
16359
4944
8159
10626
7436
7127
16784
10511
13047
4786
944
16711
14687
5874
13104
997
5723
465
13338
2459
5655
18981
10481
14831
4253
15895
9095
16054
6849
16319
7825
4589
7484
11235
12349
14320
10688
846
10137
1386
16447
9518
967
8678
11562
2637
9071
431
8656
3531
6166
18788
3500
17921
339
10223
7259
6837
18662
9738
4988
5789
1590
15416
14680
15880
971
7853
11379
2859
17725
13641
15385
615
6629
15064
3495
11081
12619
13763
3093
16826
15253
3977
10660
11017
60
4206
3202
5997
11485
5298
14551
10449
10036
9420
2039
8978
3420
5105
18910
6783
4154
1414
11267
2046
4484
12739
280
8489
15131
15406
13054
11350
9046
15228
8147
7575
9062
7445
18362
744
2604
2504
9482
2398
11548
15303
3691
11759
1194
16965
12981
16526
6313
11738
7557
7097
8025
13318
13061
4892
4010
10455
2511
5051
18918
18512
2129
2168
715
6001
636
15979
17218
11151
16248
18979
12615
8345
10526
11474
13899
8938
7029
9798
3252
2203
9985
12310
13180
16703
5761
8949
7586
8410
2310
17350
14299
6327
16028
2662
15834
17805
8446
14984
1388
14629
12908
5801
2899
7279
18885
6998
12299
10346
4502
11687
9216
17117
3773
11790
17545
2302
8833
8101
12683
17012
18706
12473
1252
15755
17534
8052
9410
15878
17305
6825
7473
8054
8355
11635
18006
14000
2562
8122
9506
13117
18478
16078
17222
7457
10236
1685
16901
622
18779
3615
17749
11853
1473
5790
7960
17404
590
10473
9748
11111
5599
15466
15011
3912
7936
1710
18935
10605
2239
14255
806
18555
12133
8858
6330
5824
4700
8139
7843
11110
11596
11327
3219
12147
17955
8809
10911
7162
10396
764
16310
6638
1838
375
4445
9151
15832
9073
9247
13324
6284
8468
9660
29
14720
7756
11916
8612
6240
1577
666
887
17474
13313
15858
229
9514
3686
1961
9840
134
2545
190
17594
11961
4749
15629
11801
4863
2777
6878
5253
12236
1986
3033
2105
17005
8829
14548
12483
4442
2357
9442
10306
10031
13883
2280
16525
13466
10354
10753
9246
6287
6869
17143
10933
3475
6824
1934
15421
15522
4600
14960
9708
5612
8581
708
7426
18153
14134
4680
15328
4021
16184
4317
11578
7171
12523
13486
3337
7470
2222
18299
17039
1512
10494
1869
1011
15530
1297
11430
18748
14141
829
9613
14432
14423
8394
7091
16082
16287
10920
2622
17559
2614
2344
1080
5815
14721
13653
6438
681
2984
15334
6167
8051
14626
15940
3254
9274
1902
13667
4518
11254
18631
9745
3189
1040
5544
2968
5788
11983
7602
7944
18320
2809
6179
4717
15608
1695
12315
10076
603
14399
6215
17459
9050
9908
14681
5061
7282
12416
10087
13306
16735
12316
11664
6085
11989
1402
12890
5433
10122
7059
3421
15740
4803
17422
12291
1987
10841
17994
455
18007
801
568
16740
10425
4707
1161
6590
16162
5065
9484
11080
5032
14533
7226
1779
1978
15805
14573
12690
4958
9577
13974
910
13522
13998
11349
13156
15286
14099
12539
15339
15067
4026
14706
13358
14082
3115
19007
9986
12791
10054
3393
7809
8889
11722
6678
1123
2689
3445
358
8799
7899
718
3557
7701
13037
5174
18908
8173
16506
6811
8134
791
15410
9582
6149
18132
8009
17724
4185
7524
6388
12341
4972
17032
2294
11751
477
9522
602
12063
14909
18134
12956
10145
10159
1521
5361
13055
4404
15924
9307
10126
11972
3835
1528
788
13779
5473
4165
7363
11145
13936
9363
6110
16792
17131
18531
4129
16485
18533
10984
11939
7447
1803
9260
15831
17184
10938
14925
3464
7240
13566
52
12529
3173
5923
8918
7233
7147
4646
9314
17333
16214
4996
13973
2236
15105
15422
3849
16675
10848
10679
16567
16665
4122
16284
2872
1888
11981
15227
13141
7056
13219
17971
527
3118
1032
10320
16976
12586
16233
11457
18196
6616
18379
15202
1582
13302
7167
6785
6409
6767
12329
2961
15060
14440
17201
13448
588
7815
14358
3334
17683
3385
18495
3953
18865
18518
13731
7653
10963
7650
11423
2348
3580
11622
18736
13519
13639
2621
3997
4363
15575
14348
7467
11319
5654
12209
2001
6144
2045
10739
8542
11211
8785
12844
1877
5115
243
8245
17379
178
18513
6754
12210
15324
18383
4533
17095
9390
3934
9528
17088
14761
11598
17606
8619
10456
16748
10662
6154
9888
10884
9468
6703
1947
161
1818
16272
1053
4883
15492
10560
10836
1953
2931
11445
4012
16969
12255
16787
16821
3974
18995
4808
2116
13311
6080
427
5738
17810
640
7309
498
2838
8068
9795
747
8125
8756
2086
13174
16885
6768
2173
17715
2425
10475
17479
9839
6689
12884
3273
13071
4005
16737
2053
13825
667
16309
10924
2316
4437
18970
8077
1848
7876
5773
13392
18560
7850
13978
18036
10698
12222
14915
12941
15954
4411
13532
11032
6657
6906
12317
15513
10720
18601
2324
11060
17799
7099
8303
18000
5880
12625
745
8663
7421
1009
133
15463
13043
12455
10209
12866
11815
14910
18471
16471
8036
373
1016
11460
2793
6454
14993
8680
14182
7460
2233
14816
7594
17960
2810
16296
8204
5974
2077
803
17483
5118
7797
12685
16671
12883
16055
7442
15847
4698
13200
14414
2036
14965
1610
16802
14179
17114
16741
14191
16292
10130
7640
11046
4459
2517
16375
8856
543
8300
18542
16716
18715
3356
15764
15363
15112
8998
7418
8519
16063
16164
14454
16010
3501
9761
139
7528
9377
10787
13680
7104
9209
18284
10807
3576
9415
11156
9010
11173
3726
11624
14690
5895
17229
15613
6503
6408
18592
5750
8610
12364
8577
17768
13903
12642
11599
16414
8049
18771
16556
13657
6328
2010
13352
7063
15477
16708
10206
14347
17973
15588
13994
16706
6304
5546
2657
2533
2211
17080
11505
15826
13016
8660
1611
6797
17949
585
12131
11949
8045
7242
17442
14355
12386
14702
266
16185
7599
3469
11415
7915
6841
16425
18326
14836
10726
4738
4736
4101
18782
11130
13262
10904
8254
16216
1028
2074
8924
10819
1865
17812
6803
12338
6370
16921
6040
8061
4740
18237
2466
11217
8960
1595
10466
13579
929
15035
2801
4135
3379
1130
7503
14158
2388
11615
923
2028
2293
16797
15380
8266
4469
1102
7222
6812
17992
1306
1943
10286
499
13506
3755
2437
17903
10571
3302
5136
9397
2021
14016
6613
9256
17145
18699
18532
15368
12916
17797
9495
13869
16021
240
5891
13554
15864
16221
12371
3197
5332
11587
16391
17081
1802
2852
720
6687
2649
183
8151
16510
14408
2962
320
7857
518
16558
14019
820
3269
4578
3087
13093
11834
13498
17609
9569
12084
11424
7867
10754
10074
16428
11511
2882
2331
18820
13268
6932
13239
3236
7308
8247
13414
11375
17153
5926
11910
10118
12704
2830
16268
3512
12787
4606
13371
11086
7007
8628
18040
13864
10712
19004
12367
16755
11100
3802
5497
9914
8560
3721
3776
5263
10187
1494
7569
10887
10718
814
4119
976
15077
393
7252
3014
11735
1014
12155
1618
16605
3619
2833
7689
5076
5387
12065
2282
147
11148
10069
11214
15731
16861
1346
6862
8990
5983
10545
59
8304
10610
5876
5252
1604
14766
1165
12369
2035
10329
5337
12112
6786
4565
5572
697
3595
10815
17004
1043
4372
5683
6475
610
7637
5943
5180
15101
3700
18010
2546
7776
869
1798
12562
8383
8714
11331
14042
4866
13813
12375
9966
16662
6726
638
8175
14967
16746
16628
4064
15306
15341
10609
18270
4912
15667
4611
14634
957
8985
4882
14481
15770
9549
9904
16091
16263
4444
6464
5417
14064
1317
6422
9779
1867
10094
15773
5534
3532
799
15059
8264
4194
18951
16502
9519
613
4043
9271
3055
1048
3308
8807
11749
13266
3266
3950
7682
10201
17108
15983
6881
7364
1201
7956
5978
3224
4950
11613
3210
12812
16459
10927
11518
12752
7361
9817
12092
16339
3889
12817
5900
17237
5157
1651
6954
2564
10642
8527
16476
16150
16902
12966
2894
11134
15711
1030
8661
16701
5736
10536
5679
7807
14343
3643
189
17316
2684
11213
845
9725
9869
12121
15388
984
686
6648
18032
4380
4773
10451
7218
1491
4865
14406
13663
796
738
9614
7504
11442
4723
11689
16573
1904
14849
14594
228
14541
5480
526
8620
8570
1119
18642
16200
15592
10665
355
10308
16488
8047
8213
12288
2453
7289
6452
291
6681
4027
4719
793
12618
137
13621
5342
18192
10854
2709
18550
7304
4039
15075
592
1895
13224
10463
15169
7483
5469
11135
16947
3007
14497
6372
14072
10392
1474
1649
124
4965
4374
16052
14674
14949
13395
7705
3652
422
4501
10301
12700
15411
7770
12474
15141
836
13019
10886
15974
18145
18442
11194
1547
10813
6561
7752
8760
1958
7729
9742
12841
14296
18849
2839
1066
10032
16880
16667
11560
2170
4791
6468
13396
13026
6247
18288
9889
6186
10713
4558
7041
10618
2095
15168
14369
8597
217
1658
4805
7626
1089
3133
724
612
4192
3003
9982
16758
7995
10908
2009
2449
9077
12697
7919
7347
7185
12710
5523
9057
3618
11018
14945
11612
8740
10829
3367
4339
10422
1995
2135
12877
11884
18097
5181
12960
11603
11354
2115
18954
762
13695
13728
6592
5178
8649
10579
9446
1508
224
2199
4113
12659
16631
2629
6364
3654
14225
17042
11794
15531
16707
6183
4971
9214
6147
14517
13420
11992
13123
28
3243
6897
1514
14575
16148
1548
117
9956
16655
2079
8946
13553
8056
13572
16623
222
8352
16895
15452
593
11274
6417
5085
16908
428
18811
14558
2796
16196
1644
8554
3853
15699
12760
18582
14795
7601
16772
148
5939
4052
10380
14970
15472
7792
6884
10785
8190
11678
15398
17400
7011
4358
6538
2543
1265
9087
16323
1248
6032
7997
9167
10996
405
5363
12218
9667
10363
7120
12485
9148
3116
17044
15502
18975
3155
12599
14392
9643
10196
7322
14850
18604
17361
1047
8543
7078
17987
10870
9429
16004
8276
11590
13480
10824
3777
6461
7908
11870
3708
12512
10509
5202
8140
10327
12028
12731
9453
2358
7195
1510
7175
17897
8249
10705
5552
15099
15769
4654
78
14059
10438
2421
14318
17838
7769
8820
3126
5587
6293
9949
15788
11498
4357
5510
11839
15673
13870
2364
5781
8369
3775
14867
975
18953
15245
16049
5090
17094
16903
11262
14330
14339
10429
6138
12054
8287
8111
5346
9545
6525
12737
13690
3683
6522
11552
15110
14705
15121
2492
5706
18034
11427
8791
16143
4747
9121
3883
15763
1999
15774
628
3136
9324
3185
7077
2870
17025
9258
403
8126
10472
15209
1693
4061
3584
9944
5074
18125
5216
1622
17363
7761
14874
18890
1189
1128
15266
5632
832
392
1646
6593
10619
8943
816
914
2003
8340
8070
6418
12194
8810
17395
13648
17300
18003
2873
18411
17933
13407
9906
7901
8488
13819
4819
1941
10328
11770
3345
13747
160
16160
4542
3339
16710
18092
14662
17470
3983
10342
11045
15476
18037
14676
16050
538
4311
7193
2763
17659
3694
454
97
343
10835
6139
8071
10859
17722
38
4638
13576
6872
4018
6143
15352
11858
10810
4414
5720
13660
18050
9469
12686
18194
5753
13243
11019
5902
9067
9682
12410
9372
3408
13513
1369
17547
8733
15640
18586
6695
17174
10489
18230
3955
4603
8461
6924
12754
2506
11605
6152
71
166
6008
2065
17709
10806
9192
3762
11820
18556
5142
8223
2400
3340
10115
5862
6916
4177
6306
14189
8453
369
2347
8084
16533
4439
6960
404
1619
2404
3738
17190
8742
12944
12856
837
12321
7551
17969
4386
4831
1350
10446
5503
16651
4841
13460
2508
15241
15710
2468
14774
11706
15072
9124
10557
10637
17700
2827
11006
4109
12373
6349
17030
3667
4175
10768
16744
11779
3262
13586
9645
3941
14748
16788
18546
6
4235
4398
1783
8503
1957
4179
5869
5152
7209
6272
15969
17535
16577
6466
12658
413
16123
2006
14040
9600
5165
14107
3446
17246
10431
2787
11684
7803
1057
624
1148
1391
3100
415
15655
7894
4417
16566
12789
452
15332
4846
9144
5996
12858
14028
15109
5705
6734
3413
1139
13
14853
9433
18316
6679
14352
14362
13399
14075
11618
18810
3265
11402
3078
2831
18912
7709
15962
11609
14621
5617
7814
1439
5758
5620
9347
10576
8179
919
16145
7543
10652
18207
17418
3816
4850
8826
18378
18180
6348
7110
1738
1650
10091
7952
5188
1870
1569
6914
12325
12668
17689
15344
14154
3275
12678
11146
11683
12397
9573
17778
11670
17304
10659
158
10111
12848
12273
8705
5919
11128
17948
999
6746
10869
9041
13748
505
18249
17880
7746
14473
17290
2397
16126
5879
1296
11047
11891
13933
1366
3625
6185
14233
2945
18572
16453
15175
11065
7910
13278
12696
15407
18965
15904
17365
3764
13307
12016
4353
11163
15987
12723
8544
12006
4745
6387
2805
15321
5466
15206
16504
8305
2667
309
17628
9711
14038
18930
4975
7136
14605
8020
14074
13330
85
10563
12435
5692
1026
10625
10612
13716
2016
6702
7477
14344
17642
18710
1199
17469
1691
9092
14166
14553
4940
15265
8631
5774
5198
18218
18029
18452
12984
4995
12587
4048
6232
11040
12507
524
10833
16517
9608
16401
15941
4985
239
18621
7750
9201
1761
17699
8816
459
15720
1891
12969
436
12785
17494
11281
16940
2246
3668
2997
17146
14513
322
4275
11542
1076
9026
15058
13289
10928
7500
16249
9139
13447
15902
12120
17667
12252
18807
9015
13082
18047
13753
3484
12370
3350
8202
16212
4408
4160
10368
1293
14729
1071
17585
656
13372
7008
15308
11501
8908
15373
4403
7385
16220
13255
43
10292
3389
7677
712
1804
10685
16588
2903
1029
10582
16634
13767
11294
9096
14749
15041
4131
6810
16587
7190
13812
11345
3428
7698
3123
11174
12746
1274
16061
5259
10006
18500
6715
6550
5784
8160
11798
3370
7173
14213
1409
6059
6748
5264
6427
17623
12346
12982
10015
13971
2049
10867
18766
11861
13696
11131
7923
3362
17322
6513
14957
17150
6249
5034
13734
15071
17327
13721
14747
12307
8854
13588
4318
17605
10568
17844
14877
18356
1903
13282
1780
49
1502
15382
12840
8185
10994
13385
14635
4104
9137
10252
6700
1674
18573
10051
18857
5856
7541
9443
16368
17170
11268
15964
2557
9504
5908
4360
18619
1349
2386
16267
5081
17655
5515
5215
11871
9292
9395
18404
1397
7381
4323
7326
13194
14962
5886
10902
14242
1324
12204
9526
259
3613
17747
15483
614
12293
16161
962
6909
8032
18491
18070
16315
13632
13571
5904
9204
6096
10005
175
13786
15561
6391
12286
13440
13257
16232
6294
13150
2073
2876
9911
3094
6068
476
6719
14501
5817
11165
3537
2934
4751
5899
16431
13633
17367
5
16039
10788
15929
18990
10050
13646
14271
16058
10680
16165
847
16372
6395
5729
12073
11775
2992
3431
48
7666
13343
18577
9945
6037
1075
4525
13275
9489
530
12034
10235
9972
11746
2936
15284
7317
11367
10168
15230
9861
2446
16490
12182
6876
13309
2730
5293
11364
210
2627
9280
15975
1211
8907
1643
14834
2526
2937
9219
2595
8447
14079
5689
1430
1381
17548
2227
7287
12059
5483
9186
3152
17578
10702
11819
1568
1736
11831
4921
17362
4756
850
3309
18796
934
5476
17133
4843
13603
7890
16011
3430
14590
8188
10010
17835
8593
1563
18436
4734
536
13634
6075
8065
4870
2013
7009
15664
15501
11237
10321
16012
7993
16327
16663
14465
9713
14946
10505
9925
14726
10188
3448
1872
9149
11636
1345
9657
5022
14857
18522
1743
8855
7891
4795
7830
3892
2143
6883
13247
11764
6119
1069
9122
6285
11226
16785
9437
3646
13730
7013
520
3840
14093
6691
10432
17338
15885
2131
11616
4693
14356
16887
14142
12705
6659
11564
12933
5354
18891
11509
174
6094
7293
860
15875
10131
1578
2837
14511
7070
9109
5042
1747
15942
8299
159
16712
7146
212
11230
4665
10649
1209
4344
2235
5296
13327
11558
11167
2119
18886
15446
5321
11383
18332
8135
12550
11299
350
5014
16766
7044
4779
13457
1617
15639
7999
8916
1620
7622
16182
10980
9237
937
2578
8546
11205
8092
18376
14469
11733
898
16433
348
3567
2602
6887
14753
11936
12541
15883
11646
1426
1663
8193
8293
2030
5409
5590
2664
1862
16892
12544
7888
13942
172
5023
18783
18246
13886
14670
63
53
5746
12942
4575
13410
3660
3982
17185
9700
8616
261
17961
1185
13760
16739
16024
1056
15107
13431
16215
4524
10723
5392
6866
7035
9403
13493
14442
8062
580
4015
1282
12579
7517
10303
11123
632
14172
11492
12506
14484
9384
11791
12214
11425
9190
2524
2786
10865
6882
7646
11069
14780
3287
7514
4084
13683
17458
15777
5307
2169
2567
7560
6913
5429
14996
2565
4216
9490
17476
10135
16386
13580
6586
417
1070
1006
4087
9022
18476
13087
12124
3172
17590
900
12231
18231
7270
13426
13476
11010
9659
12305
513
2352
10322
13954
8480
8421
16967
14029
4709
9303
18441
1821
1249
8989
15959
6393
10254
2351
15119
4304
5000
17670
3674
3963
5524
17103
9924
9783
265
10014
13249
14022
786
11125
2215
1368
15944
4361
11917
2767
5527
18988
9002
15515
12372
15833
11454
14073
6031
535
2818
16535
14843
6976
16474
9327
7286
17370
8200
9034
5859
8169
2382
9238
3505
2322
3178
15362
18013
11289
15851
17433
17629
2576
3150
1154
11644
10741
14010
8640
9828
18334
17575
3989
18292
3375
7589
12560
679
11510
13651
8476
18806
9767
2739
16975
4125
17984
1309
5611
4585
7472
18066
5091
719
421
18407
16731
4346
7977
11051
17473
7697
4754
9032
6134
13811
3416
15825
9157
17750
16243
17057
10060
15136
8005
15751
18687
15467
11525
8182
6527
16845
3916
1023
18303
7511
8377
8091
18257
10772
1905
15474
12790
3271
5001
11095
6965
8671
13187
8524
4716
13203
3002
425
10407
5203
5931
7192
7878
1680
307
12951
13938
9500
18035
4365
5144
881
8919
16006
4041
7781
7191
16811
2261
5634
7006
2165
11537
18144
17434
6562
13781
7491
14034
4727
8607
7469
17646
13882
6807
62
10217
14047
9727
9474
11934
11988
16089
18950
5436
6860
1989
145
3429
3631
6353
9812
12175
13108
13381
5772
17997
8626
1109
10845
1118
4686
4872
10729
13916
11998
12433
12206
10197
8912
13590
539
6788
8181
12592
11172
7508
1390
15384
12276
4045
16167
11313
3190
3621
1807
13691
5770
7393
4461
3333
68
15261
10641
14453
11818
16734
15164
6566
12838
13524
16403
5638
3895
3245
2587
9180
16854
17188
16992
292
2851
9928
1853
7130
9421
10615
12631
1776
15709
6226
17825
1675
18361
1637
16342
3261
9896
11850
16294
848
11867
17026
18195
6145
2797
14131
821
2338
8083
9509
17736
16911
15315
15219
7975
3623
2142
7986
4562
11851
12445
12108
2164
3151
2054
5740
5033
17396
3283
14319
13759
16937
14537
5133
9517
9567
3376
18297
12083
11475
10539
1486
14470
18790
401
16863
11009
12761
3095
17128
15761
12368
7296
6263
10923
179
1260
5183
3952
11490
11440
13561
3715
7749
6469
13854
10307
7074
2042
17189
13316
3460
14543
15279
5946
13023
11259
10604
8883
8764
12391
14068
14555
16081
6286
2938
1697
12720
18285
10079
18763
13501
9126
14878
12470
970
14138
8081
16581
14147
8880
665
9277
7950
15092
3473
10674
3831
5416
16387
11659
18109
11847
16419
9556
27
12058
3084
7423
15580
18580
10700
14788
13919
1186
1132
12491
3992
18350
18349
2172
6661
18831
18896
16550
3031
7544
315
16449
18488
18585
17740
8526
4036
17950
8991
5764
4967
13865
12393
12412
14219
13181
5614
1833
3188
9751
8180
11504
16564
3260
13432
14794
17993
12244
554
16226
7512
4278
14568
12415
6680
16116
12384
7060
19006
15903
12918
4056
14767
14396
17707
3026
13826
6242
1546
7860
14152
770
14805
6879
14599
2946
13136
15558
2651
6704
10148
8814
4796
8271
9316
9746
12788
11269
8890
12765
13223
14448
9715
595
5137
7679
5528
9679
10057
8060
6900
13398
1373
5663
891
8208
10040
1855
5276
11965
18848
3848
7353
10714
18969
4920
17397
10170
7943
6731
15095
7080
9312
4626
1
15792
10347
5073
17587
12312
7633
14435
3342
10171
2650
3147
10184
9563
14183
10338
12024
17345
17684
11608
12714
1055
11315
15566
15387
4527
17529
14236
17863
11826
11404
10804
11092
11633
16376
14419
6630
854
15916
8873
6483
10740
12734
11468
17265
2167
13035
3754
14576
6458
3159
10053
14652
10793
13738
18113
18656
6737
6641
5664
2332
7330
382
3774
3490
3882
16095
14091
18315
17510
16822
6911
14897
15056
7614
4430
1438
5823
2020
13782
1733
1281
3976
12732
6295
9505
3986
3503
14265
15560
13761
1919
18664
17065
12623
17925
15479
14500
8085
10025
279
6379
16531
1983
17113
10267
12965
5348
11452
12850
981
1083
11248
17176
14887
17037
30
1485
8668
10372
575
5027
8191
12442
9097
9470
8963
11743
18616
784
12106
4607
15771
5636
8721
6733
9864
11724
18676
12782
5078
680
4424
4986
16299
10491
11800
3444
13630
16918
3493
17508
11346
9946
5021
14544
18271
2668
18344
2407
17503
6773
384
1359
3000
8174
18184
14195
14499
12212
12160
3680
6722
5401
1668
9342
11780
11104
12897
12823
15540
6560
6383
13584
15712
416
18485
2432
3461
15144
6725
5135
8339
11526
9879
8504
16303
15118
11860
17920
14427
8165
9859
5694
2475
10593
15658
15535
15988
6816
5547
1131
16033
8353
13397
18682
9870
16205
2444
2298
11487
18932
3459
15937
18916
18840
16881
650
13204
19000
14840
3547
1984
5628
18328
470
4593
15545
11653
15053
5698
6505
11952
1784
7699
14229
12402
13423
2559
18955
15161
13299
4810
3335
2964
17887
14412
6341
2847
18814
9266
12012
3458
960
11784
11099
9634
18224
1505
7994
17513
15396
12328
16796
3057
7692
2554
6655
16529
14631
3290
11061
3745
704
12895
17641
1573
16511
4053
13640
7565
1540
10574
17901
16756
3793
11732
11617
6991
9607
11204
11195
1365
888
16611
7643
9685
10512
2467
14006
4813
11499
11907
10727
14613
15089
1822
1137
1313
14052
17748
16457
10889
4155
18534
5447
17588
11929
18300
4628
8573
5258
17430
13604
13252
9230
8557
18104
9354
5425
2895
6674
12277
14237
11973
14837
1340
15258
6381
1858
2100
1705
13483
13858
14489
4201
4761
15835
13254
11753
4729
2607
9473
4111
17829
12161
5496
11451
6667
18264
1431
340
3380
8755
18043
13795
18408
10905
4643
1859
2363
958
11698
1907
711
8574
14247
877
950
6769
1746
7420
15721
18425
3768
2940
12091
10891
644
6322
5707
8229
9603
12151
8920
3588
9286
10578
11199
16817
2094
11160
8994
7492
3304
15882
9181
3499
10826
3790
7084
6490
18964
10251
3516
9118
15547
17682
6014
17538
18171
3965
6406
17936
11964
18903
16064
7906
1220
1275
16542
8441
13010
6845
17317
9113
5410
10864
98
9207
9295
13159
12594
974
17665
9890
3177
8726
12099
5229
11634
15137
11406
10359
9668
14844
685
319
6117
5428
2276
2514
13592
5767
17593
11739
11787
16824
15335
4666
3076
1443
4233
13732
4164
7571
10495
5003
7494
15778
13374
18131
16365
14589
9937
12220
12935
18503
16946
16480
17701
3926
4178
7071
12109
15504
18982
12198
12154
6447
6362
5485
4106
16717
10696
15842
2356
7916
9825
4615
1054
16964
13530
9436
14894
5826
6572
14238
12831
14977
5949
17270
8653
3928
9242
1234
1550
11380
13895
17052
12807
4453
10629
775
8751
4860
7635
17063
986
18590
5339
18127
863
5056
8741
6871
16705
14434
8896
7872
18844
17292
8841
4257
3590
5829
2760
12772
702
1785
14586
18947
9984
397
17625
15232
6993
2022
7758
4105
7451
13833
18937
15096
7248
7649
12449
13818
18428
1923
17826
750
1866
13615
10447
15765
15025
5977
1243
566
7015
4539
13477
8033
4393
12430
9373
6547
13042
7186
5384
18721
16450
4980
168
9531
4532
10360
4696
1499
13515
12643
16914
7552
6489
17687
1981
11966
15840
11692
15900
10033
9768
13380
7671
10885
9827
2177
1396
5145
13259
18569
18612
14655
11897
5242
9155
6340
7744
4078
16925
18625
9692
1703
2683
9007
294
7003
7452
14210
8196
15040
12094
7496
7272
743
3107
7925
12834
6907
3528
16562
8781
7836
17765
5194
7205
1120
896
9199
13354
9215
359
8933
7123
15182
4839
14291
3017
3614
17758
18084
10814
6779
14187
14110
7395
14015
13195
15546
9680
4332
13999
5150
13702
7801
5649
14121
8234
17271
14607
14185
4009
9619
10693
6258
5324
4630
16237
3830
10134
658
1948
3384
4888
318
8783
3332
16767
559
3404
10077
16350
15612
12095
16893
33
4634
1173
10564
2759
10139
2107
8484
15749
18210
144
13787
4120
1415
7324
6870
3832
8975
3610
17221
13940
16009
2933
13950
7965
13851
2665
11846
13514
14846
18174
3794
13328
10910
9770
1095
16201
15846
16174
3823
2305
13386
8464
378
14290
18650
10204
8430
4927
1723
2769
7208
3295
5838
5805
785
13073
9730
17911
9910
9656
6423
15537
16382
5486
10311
10408
13304
9293
18909
14693
10799
18922
9393
3222
5988
14415
9371
16493
5979
12911
10852
16899
17027
7885
11058
8128
11788
3439
16245
11462
15130
6945
2296
9976
18557
4907
11056
8002
1729
14944
11192
10979
16146
17604
5911
3108
3048
4324
14491
6588
14717
3025
11903
1344
15032
6473
271
8564
18277
11661
9290
1562
8132
10230
10319
17253
10650
11924
13510
17315
18094
4376
18581
17862
16288
831
11337
591
17177
1652
6974
18346
15532
8747
18148
10678
3658
4345
4029
15292
5860
3491
17066
17622
16276
14155
424
11053
5092
6310
13910
6861
4068
15122
722
5519
789
1519
13636
13788
14298
18679
2255
1277
2753
13894
8310
16169
8771
12027
16961
17049
16823
11210
18351
7202
7207
11610
19015
113
14266
17500
2725
14608
3221
11048
8235
4847
5196
8209
11868
9653
262
16400
13859
18438
1812
10228
11378
16726
9123
18971
2919
7103
7214
15889
14115
426
12666
14778
14959
11132
15145
2067
9954
1444
4301
5190
1832
13034
4857
11266
9115
4315
12778
5798
5687
13138
13901
18024
15596
12271
5487
8738
12559
16970
15244
16100
9417
1814
6577
15812
3331
10444
13439
16479
9345
15837
2538
7606
17440
9836
13594
17952
11448
15857
2057
18737
13081
1911
7401
8014
2848
3927
11458
7340
6142
9721
9234
273
731
2277
14528
13153
6693
11121
16512
9789
6278
11038
1240
3039
16856
13229
9929
15188
5287
14832
7429
7212
14395
9112
9218
14914
4946
13201
15986
4834
9942
4564
1513
14813
1627
1403
104
6498
9465
3657
17047
6205
5779
5167
3357
10802
6190
5606
13285
18745
13564
9744
5016
18455
17240
15697
1437
6620
18799
7002
8634
9762
1591
479
8621
14519
2063
4371
16132
15379
4853
3299
1857
14708
14908
2340
11333
3506
8667
7784
2478
5018
16259
6451
2414
4239
18669
12843
18743
7665
10868
11142
3187
4800
10182
1560
11975
12570
7835
16625
3198
6763
5173
13684
17694
3387
483
16253
7388
4500
8329
81
8611
18663
15239
8584
15723
5440
8725
5584
5481
10147
15425
9858
18306
9811
17142
14851
9134
13688
16409
7382
4370
17582
15728
7135
2520
15727
337
9547
7811
16255
6843
8381
4229
3594
6846
17295
2455
9535
2738
16650
5251
8022
15336
11757
841
16469
17980
14765
11580
109
14331
10378
2251
13198
12695
14372
13331
9575
18693
17831
5650
3410
1931
4746
14280
15166
2956
12025
6539
16218
12667
8123
15140
15657
11876
14216
911
1250
18504
4777
3959
6663
623
15920
7842
18251
5130
7052
353
3396
10880
16467
2755
12867
9553
2017
1226
2927
16603
3669
7392
16371
5520
8374
6407
12980
18770
15926
2429
12139
11025
11377
11904
10280
6067
1428
17021
14090
11408
9282
8324
1971
3368
5331
17620
4293
2814
12001
5835
18229
5414
8261
8370
3047
3463
9027
5562
12469
3851
17798
8129
6103
17149
8404
18439
8425
2822
6015
13011
17846
6485
4555
16410
8290
4577
10899
16841
507
13659
14386
3858
9706
17774
15881
14278
13704
4644
6331
10588
16999
1538
17236
12067
18974
12814
8086
9017
5159
5571
1336
9907
6163
1451
18295
2715
790
18467
500
10172
12019
1454
17377
2820
16599
11088
2731
14390
9268
15724
2292
14132
7377
6957
12621
9064
5581
4432
4162
2396
15968
13718
4462
5947
18377
4957
14712
14733
2765
9276
18794
11320
13348
6459
2571
12302
3417
3771
18646
17298
16809
15891
10786
12304
17788
2948
5295
17441
17569
7743
2083
18933
17566
1284
17480
10013
13754
1884
10265
7563
2635
15240
17536
12949
16846
16835
6999
8093
963
10587
15106
8096
11180
17730
12549
11889
15686
3435
7968
8888
76
16088
414
2273
15459
15714
1599
18443
7210
11070
17352
14587
5981
9265
12447
6164
10957
17196
17424
13049
17680
13292
13960
6137
7387
10929
9814
13845
5759
3737
12274
17344
13512
9394
2244
2824
501
1718
17505
12411
12166
12585
9227
6614
4364
7266
12702
14502
4426
3586
10049
11950
5232
7068
5223
248
16172
5782
1264
8273
14457
14471
17499
16398
5661
8396
9665
3993
1794
7669
18480
4910
16610
12733
6762
15383
15020
12827
7515
8937
8419
16060
6338
7572
4309
1759
5555
6676
13213
2391
7098
15154
7348
14988
18576
17983
8644
18839
9424
10630
4768
4874
9753
1299
5468
2537
11190
2605
2575
16545
15489
13523
15689
18615
6052
18280
2265
16762
16657
18412
7038
16997
18418
13965
18394
6160
16438
16941
18665
18876
9004
2033
11143
16589
13237
9562
9819
10839
11488
15967
11027
6777
11712
11763
13064
11150
5465
16380
16715
13169
5643
11574
6617
10166
2734
9131
5733
18993
10200
13496
14337
2472
6157
10964
3480
18630
8613
108
8900
8870
7786
1159
1715
14937
7023
5368
2307
3630
11856
5204
5929
15821
14697
5667
5968
8588
3713
7321
18862
12672
7281
14835
619
13850
6910
3917
16108
6642
3315
1355
2111
15470
3470
2547
1077
17600
4032
8828
7882
15468
4001
6688
9853
17607
14087
11304
9418
15793
2798
18193
13166
4668
3497
356
15836
14108
9499
3165
18339
737
1353
11882
10477
11312
16576
4523
17107
4903
17637
11640
15237
263
5619
13664
7165
17082
8973
2082
10617
9926
822
531
8931
11036
14198
3322
10075
8549
15345
18426
13214
15799
8954
13492
13160
7219
12186
8585
4885
12575
4705
9918
423
9320
3145
18548
17421
13157
5305
1851
18473
177
4792
10856
11223
7549
10959
10020
17579
13305
9741
8331
10348
6729
4512
8993
966
12771
3066
17096
8189
17431
16507
865
9206
1588
6300
584
2749
13376
14259
1170
8591
8357
15510
11417
7958
1162
2970
15695
8142
2313
739
3092
9409
18389
17467
12601
16569
4913
15718
6034
15242
14281
4949
927
7738
15654
3211
12795
12388
4272
16539
10364
16278
4710
10941
11804
4356
10332
6277
4172
7152
1191
12810
3455
5845
13413
14938
8562
1214
15782
3597
7848
13951
11573
13377
11494
18570
1825
8507
361
6329
4103
4871
4319
9794
2572
18155
14943
5731
15729
4520
6088
13017
12115
17676
16473
8765
13526
1061
16427
8831
14935
18558
10628
1572
1210
10917
6949
14833
987
9913
14679
7028
2539
7840
12272
3053
2454
4881
3707
5506
16361
17314
6176
17979
11137
14704
3939
14485
17998
14451
4675
8730
6606
2502
11200
88
7370
14370
15862
8380
1509
11029
6917
15528
16041
18008
755
10781
4038
8427
13124
2381
6950
9475
2445
1427
16874
1527
15692
12920
395
13231
13260
13008
16445
8986
1929
3233
11923
18984
1456
4513
16456
7577
2806
16051
3364
16974
10409
12251
4953
18871
2257
12135
14810
14863
1268
7893
15670
12573
18444
5964
6972
9512
3656
8239
440
9872
6165
10969
12258
14982
3485
15594
362
11152
7145
12755
7474
9153
10100
10645
7246
12928
39
7585
8881
9
9554
9773
11572
11877
11875
6504
13120
855
11355
7673
15358
15874
7203
17277
8876
5004
759
875
11602
4205
9399
12756
13814
2461
15873
7790
12335
4144
74
17162
10540
12501
15890
11361
14050
2066
11568
338
977
11094
258
6530
637
5388
12518
16159
16591
5559
3564
5839
13119
7985
13310
5195
5849
14939
17698
12441
1304
3472
16596
11087
7187
6208
18310
7542
2589
4040
10059
14566
1786
17275
8104
753
10138
1920
1939
8402
5467
18752
7727
7050
4893
17865
12510
5893
9483
2978
3471
9140
4679
5841
10233
15052
18720
10862
10553
1516
12893
2460
376
17756
691
4266
7373
2234
275
7129
15844
3770
1150
2766
8525
12158
14985
12057
18638
1713
14181
3881
1770
9537
1460
11747
2890
578
36
1592
2306
10293
15854
5517
17576
12970
17230
2372
6760
8665
4899
17573
2784
14669
6580
15034
10805
11982
14159
14326
7532
18636
5002
10465
4521
1155
15649
17717
16598
2770
8316
13146
5696
1970
5247
4759
8950
9788
905
871
6298
4161
5681
12828
9541
342
8501
100
7624
18960
4055
1892
15437
4209
3712
4140
13698
13236
3785
16524
17915
10367
223
11666
11410
12078
13409
2267
12545
561
2076
5541
12630
8016
11686
14431
31
852
4482
5124
10165
18819
17696
12097
15264
8321
18774
5610
12651
17916
7764
19010
4916
5450
4627
663
4645
10459
13962
15390
16074
10926
14952
3218
2419
18321
3609
11576
14249
13542
9362
6291
12077
18978
325
17792
7619
6880
9666
3232
11974
6201
16362
3645
3807
16023
15590
13720
4923
11957
1152
12190
16515
11906
439
18943
15690
5635
10255
14691
18846
7871
768
11428
6224
18108
5458
4694
4887
14200
10947
14062
13602
15250
14572
1796
14722
18065
4220
862
3250
7674
15808
10644
13378
5742
17751
8906
8455
18773
2071
16344
2433
5792
4984
5172
12203
7057
10851
9927
4079
11550
3801
13075
5883
10433
15568
18266
11821
5958
6266
14898
3924
17445
17205
2626
15523
15584
11901
4799
12879
13218
12950
7355
13574
1813
5097
2217
14262
12609
3494
8813
11718
1068
1376
11249
16451
2719
5413
2134
5711
16736
13455
8862
10389
9349
3082
3933
11627
9815
14063
1497
7940
8647
9298
14678
1246
18302
11453
660
12051
17787
11540
40
18777
18205
5585
12060
18850
3056
5437
6877
4298
15255
2128
16352
4904
11695
17208
3958
6511
6400
4590
17652
10992
7379
3600
14311
6303
15923
4540
15565
5025
11482
605
1319
4330
7852
17297
4062
15838
3336
9011
16281
13736
12003
16714
61
15803
3753
13682
16065
13699
4050
3247
18907
13741
3999
2906
4616
1445
14639
7390
10525
4273
15743
8162
5365
18234
15420
2300
14282
18562
8777
11785
12932
2875
9996
8194
8815
9388
17334
6095
151
8496
12768
15366
6102
15494
15669
3868
6369
10681
9310
10337
10675
14619
3761
9831
171
5944
3653
5260
9604
7014
18596
14716
7285
17855
296
7087
1183
18994
3589
11543
13598
5863
15246
3821
12294
2752
2695
3569
18380
9464
3579
10667
6425
954
18360
1672
2714
12806
6930
9479
6132
18056
15318
4556
7728
18657
4328
9691
7735
8364
7335
5850
7141
18972
16505
15677
10607
3064
4939
13544
1741
2439
12610
2476
2577
5875
3907
2495
18324
14922
6578
15700
15046
4934
13666
8312
17714
12279
11238
14581
14793
16544
18611
7086
12436
2327
1932
17175
11062
17359
10384
1290
9989
17392
4485
18079
6636
2686
11565
17151
10193
18985
15603
6276
17059
2321
601
11169
12999
5627
12722
15644
2485
12297
2980
1608
9722
4553
8403
3432
10516
14580
17115
3482
14546
15682
14097
12010
4413
1511
8538
15582
9611
3008
9472
11400
12261
15204
9269
17856
7989
4477
8471
9408
5269
5484
3113
15583
9361
15722
2206
1520
9014
18482
7329
15704
17532
9548
5604
3388
7092
126
16833
4329
238
11500
10109
9777
7042
16775
14058
1515
3443
14942
13620
6626
92
5669
8405
4979
9339
10761
11885
18598
17773
12968
1716
10256
18863
3553
14128
15313
11748
6591
14286
17549
6575
14654
18674
18169
3196
18116
13953
16829
17738
4415
11144
3169
7188
12504
11224
13074
17537
9308
5461
13843
5653
14384
7561
8604
15548
8648
16360
13208
15958
12548
17097
6633
4507
16114
716
3904
5855
6939
868
9959
16790
10763
10559
14252
16109
2675
18403
18088
5250
11650
5323
3442
5107
10448
13088
12708
1998
11085
15908
14666
3466
6028
16038
1871
14825
2096
5399
18236
18154
18828
3622
15708
18435
884
6404
16840
7464
5408
9082
10900
13764
2858
12628
4447
3740
14547
5851
17387
16691
18415
15554
6765
4077
8817
16843
14606
517
8909
11808
18803
10358
2012
10987
19014
7898
2721
17871
1927
18417
17156
3240
17011
9818
9921
11295
10913
11750
7475
4493
4952
4772
14275
9833
9083
367
12894
14880
16980
1435
14135
15260
4476
7328
12524
4531
14504
17947
18526
19012
7408
13719
15935
16135
14420
13791
3264
4284
16086
5089
3714
1878
14310
8463
14875
4091
5026
5757
4246
5275
12872
3141
16929
3734
12177
16390
12874
17414
9886
734
5338
15120
5529
2942
15543
12773
6668
10673
15748
9438
9775
12913
11630
13154
8241
12500
12495
11293
11077
7912
15601
2456
3617
11555
4624
1996
17356
6192
6227
11960
5493
18545
6738
15309
13931
3548
609
17874
11336
5197
13089
17447
408
1945
16641
8670
17526
16985
3998
13650
12860
15820
567
1976
1327
16943
16909
1434
8432
571
5192
2443
11915
16483
5756
10458
6100
18723
8798
7206
18160
1024
3795
10274
8830
18058
4821
11945
5049
15208
13056
1965
5445
12
2378
2501
15150
6282
17238
3886
10471
11892
12624
8127
7245
14176
1169
11
13099
6367
8347
6334
7979
14891
16820
3313
5434
6747
3744
4580
11208
11740
9574
2580
13007
7978
5036
15127
15485
15129
8118
14146
17357
13874
15486
8897
14173
15359
6214
14842
540
17760
4900
10639
5796
15930
7112
10082
12180
12634
11418
15797
17077
3818
4148
1129
8031
11000
310
4978
1670
18785
11579
2913
9558
11001
14258
10711
12014
4605
15605
2680
13188
3746
234
6093
334
